0   0   0
0   0   0
0   0   0
0   0   0
-28   0   0
-30   0   0
-30   0   0
-31   0   0
-30   0   0
-30   0   0
-30   0   0
-31   0   0
-30   0   0
-8   22   0
-3   27   0
-1   29   0
0   30   0
0   30   0
-21   8   0
-27   3   0
-29   1   0
-30   0   0
-30   0   0
-1   0   -18
0   0   -26
0   0   -29
0   0   -30
0   0   -30
0   0   -31
0   0   -31
0   0   -31
0   0   -30
0   0   -30
-29   0   -10
-31   0   -4
-31   0   -1
-31   0   0
-30   0   0
-31   0   0
-2   0   -17
0   0   -26
0   0   -30
0   0   -30
0   0   -31
0   0   -30
0   0   -31
24   0   -10
28   0   -4
29   0   0
29   0   0
29   0   0
29   0   0
29   0   0
30   0   0
29   0   0
30   0   0
29   0   0
30   0   0
29   0   0
29   0   0
29   0   0
29   0   0
29   0   0
30   0   0
29   0   0
30   0   0
30   0   0
30   0   0
29   0   0
29   0   0
29   0   0
29   0   0
29   0   0
29   0   0
1   0   16
0   0   25
0   0   27
0   0   29
0   0   30
0   0   29
0   0   30
0   0   30
1   0   5
0   0   1
0   0   0
0   0   0
0   0   0
0   0   0
0   0   0
0   0   0
0   0   0
-32   22   5
-33   28   1
-31   30   0
-31   30   0
-30   30   0
-30   30   0
-31   31   0
-31   31   0
-30   30   0