0   0   0
0   0   0
0   0   0
0   0   0
0   0   0
0   0   0
0   0   0
0   0   0
0   0   0
0   0   0
0   0   0
0   0   0
0   0   0
26   0   0
29   0   0
29   0   0
29   0   0
30   0   0
30   0   0
30   0   0
29   0   0
1   0   0
0   0   0
0   0   0
0   0   0
0   0   0
-1   0   20
0   0   26
0   0   29
0   0   30
0   0   29
0   0   29
0   0   29
1   0   5
0   0   1
27   0   3
30   0   1
30   0   0
29   0   0
30   0   0
30   0   0
30   0   0
30   0   0
30   0   0
30   0   0
29   0   0
30   0   0
29   0   0
2   0   0
0   0   0
0   0   0
2   0   -18
0   0   -26
0   0   -29
0   0   -30
0   0   -30
0   0   -31
0   0   -31
0   0   -30
-1   0   -6
0   0   -1
0   0   0
26   0   -3
29   0   -1
29   0   -1
29   0   0
29   0   0
30   0   0
30   0   0
29   0   0
2   0   -1
0   0   0
-4   21   0
-3   27   0
-1   29   0
0   30   0
0   30   0
0   31   0
0   30   0
0   31   0
6   8   0
2   2   0
6   -19   0
3   -25   0
1   -28   0
0   -29   0
0   -29   0
0   -29   0
0   -29   0
-6   -7   -1
-2   -2   0
0   0   0
0   0   0
-2   -1   19
-1   0   26
0   0   28
0   0   28
0   0   29
0   0   30
0   0   31
0   0   30
0   0   29
1   0   6
0   0   1
27   0   5
30   0   1
30   0   0
30   0   0
29   0   0
1   0   -1
0   0   0
-1   0   20
0   0   26
0   0   29
0   0   29
0   0   30
0   0   29
0   0   30
0   0   30
0   0   30
0   0   29
0   0   29
0   0   30
1   0   5
0   0   1
0   0   0
-26   0   4
-29   0   2
-30   0   0
-30   0   0
-30   0   0
-30   0   0
-30   0   0
-30   0   0
-31   0   0
-31   0   0