0 0 0.08080430603027343 -0.02454056701660156 0.006395099549292201 0
0 0 0.09038111267089843 -0.02454056701660156 0.00706125575234347 0
0 0 0.08798691101074219 -0.03651157531738281 0.006794793271122962 0
0 0 0.08798691101074219 -0.03651157531738281 0.006794793271122962 0
0 0 0.09038111267089843 -0.05087678527832031 0.005728943346240929 0
0 0 0.06883329772949218 -0.03172317199707031 0.006261868308681946 0
0 0 0.10235212097167969 -0.03172317199707031 0.007327718233563979 0
0 0 0.13108254089355467 -0.03651157531738281 0.004529862180748642 0
0 0 0.06643909606933593 -0.04129997863769531 0.006128637068071692 0
0 0 0.08798691101074219 -0.05087678527832031 0.008260336917835757 0
0 0 0.10953472595214843 -0.04369418029785156 0.007194486992953724 0
0 0 0.10235212097167969 -0.04129997863769531 0.004929555902579404 0
0 0 0.09995791931152344 -0.03890577697753906 0.005995405827461438 0
0 0 0.10235212097167969 -0.022146365356445312 0.0041301684589178786 0
0 0 0.06643909606933593 -0.05566518859863281 0.004929555902579404 0
0 0 0.08559270935058594 -0.022146365356445312 0.006395099549292201 0
0 0 0.10235212097167969 -0.03890577697753906 0.0031975497746461004 0
0 0 0.09756371765136718 -0.02454056701660156 0.005595712105630675 0
0 0 0.09756371765136718 -0.02454056701660156 0.005595712105630675 0
0 0 0.11671733093261719 -0.05087678527832031 0.006395099549292201 0
0 0 0.08319850769042968 -0.03172317199707031 0.0042633996995281335 0
0 0 0.10953472595214843 -0.03651157531738281 0.006261868308681946 0
0 0 0.09277531433105468 -0.014963760375976562 0.00546248086502042 0
0 0 0.06404489440917968 -0.05805939025878906 0.007194486992953724 0
0 0 0.10474632263183593 -0.017357962036132813 0.006395099549292201 0
0 0 0.10474632263183593 -0.017357962036132813 0.006395099549292201 0
0 0 0.09516951599121093 -0.05566518859863281 0.006128637068071692 0
0 0 0.10714052429199218 -0.03651157531738281 0.009459418083328045 0
0 0 0.09516951599121093 -0.05805939025878906 0.0039969372183076245 0
0 0 0.10714052429199218 -0.08200140686035155 0.0075941807147844875 0
0 0 0.10714052429199218 -0.08200140686035155 0.0075941807147844875 0
0 0 0.07122749938964844 -0.04608838195800781 0.005062787143189658 0
0 0 0.11192892761230468 -0.04129997863769531 0.005196018383799912 0
0 0 0.09756371765136718 -0.010175357055664061 0.006261868308681946 0
0 0 0.12868833923339842 -0.02454056701660156 0.00546248086502042 0
0 0 0.09756371765136718 -0.04848258361816406 0.009326186842717792 0
0 0 0.08798691101074219 -0.04129997863769531 0.006794793271122962 0
0 0 0.10474632263183593 -0.029328970336914062 0.00546248086502042 0
0 0 0.10953472595214843 -0.03890577697753906 0.006661562030512708 0
0 0 0.09516951599121093 -0.03651157531738281 0.006128637068071692 0
0 0 0.10474632263183593 -0.01975216369628906 0.00479632466196915 0
0 0 0.07841010437011718 -0.06045359191894531 0.007860643196004996 0
0 0 0.10474632263183593 -0.04369418029785156 0.006661562030512708 0
0 0 0.06883329772949218 -0.04848258361816406 0.0074609494741742334 0
0 0 0.09995791931152344 -0.03651157531738281 0.006661562030512708 0
0 0 0.10474632263183593 -0.03411737365722656 0.006528330789902454 0
0 0 0.10474632263183593 -0.03411737365722656 0.006528330789902454 0
0 0 0.09038111267089843 -0.06045359191894531 0.006794793271122962 0
0 0 0.09038111267089843 -0.03411737365722656 0.0077274119553947425 0
0 0 0.06643909606933593 -0.04129997863769531 0.006261868308681946 0
0 0 0.07362170104980469 -0.03411737365722656 0.007860643196004996 0
0 0 0.09516951599121093 -0.012569558715820313 0.0075941807147844875 0
0 0 0.11911153259277343 -0.04129997863769531 0.006528330789902454 0
0 0 0.10235212097167969 -0.03411737365722656 0.005728943346240929 0
0 0 0.08319850769042968 -0.04369418029785156 0.007194486992953724 0
0 0 0.09756371765136718 -0.03651157531738281 0.005728943346240929 0
0 0 0.07841010437011718 -0.04608838195800781 0.006261868308681946 0
0 0 0.08559270935058594 -0.03890577697753906 0.006928024511733217 0
0 0 0.07841010437011718 -0.022146365356445312 0.010258805526989571 0
0 0 0.07362170104980469 -0.01975216369628906 0.005862174586851183 0
0 0 0.10235212097167969 -0.04369418029785156 0.004929555902579404 0
0 0 0.11192892761230468 -0.03411737365722656 0.00706125575234347 0
0 0 0.1406593475341797 -0.05327098693847656 0.006528330789902454 0
0 0 0.07601590270996093 -0.0652419952392578 0.009725880564548555 0
0 0 0.08798691101074219 -0.04369418029785156 0.004929555902579404 0
0 0 0.12150573425292968 -0.02693476867675781 0.007860643196004996 0
0 0 0.08798691101074219 -0.03890577697753906 0.004396630940138388 0
0 0 0.09038111267089843 -0.04369418029785156 0.006528330789902454 0
0 0 0.09038111267089843 -0.04369418029785156 0.006528330789902454 0
0 0 0.11432312927246092 -0.012569558715820313 0.005995405827461438 0
0 0 0.08798691101074219 -0.07003039855957031 0.00706125575234347 0
0 0 0.11192892761230468 -0.03172317199707031 0.005329249624410166 0
0 0 0.08798691101074219 -0.029328970336914062 0.00546248086502042 0
0 0 0.09277531433105468 -0.04608838195800781 0.0077274119553947425 0
0 0 0.08080430603027343 -0.022146365356445312 0.007194486992953724 0
0 0 0.12389993591308593 -0.03890577697753906 0.008127105677225504 0
0 0 0.12389993591308593 -0.03890577697753906 0.008127105677225504 0
0 0 0.09038111267089843 -0.02454056701660156 0.00706125575234347 0
0 0 0.09995791931152344 -0.04129997863769531 0.0041301684589178786 0
0 0 0.09995791931152344 -0.04369418029785156 0.007194486992953724 0
0 0 0.09277531433105468 -0.05087678527832031 0.005595712105630675 0
0 0 0.09277531433105468 -0.05087678527832031 0.005595712105630675 0
0 0 0.09516951599121093 -0.0053869537353515625 0.00546248086502042 0
0 0 0.09516951599121093 -0.04129997863769531 0.0077274119553947425 0
0 0 0.12150573425292968 -0.03890577697753906 0.00706125575234347 0
0 0 0.11432312927246092 -0.07003039855957031 0.005329249624410166 0
0 0 0.09277531433105468 -0.03890577697753906 0.004929555902579404 0
0 0 0.10714052429199218 -0.014963760375976562 0.006128637068071692 0
0 0 0.09516951599121093 -0.06284779357910156 0.007327718233563979 0
0 0 0.08559270935058594 -0.06284779357910156 0.005196018383799912 0
4 0 0.11432312927246092 -0.02454056701660156 0.005595712105630675 -2
11 0 -0.02693476867675781 -0.33099837951660155 0.0029310872934255913 0
16 0 -0.05327098693847656 -0.2615665313720703 0.002264931090374321 -1
16 0 0.13587094421386717 -0.08678981018066406 0.014788667707738212 0
18 0 0.40880993347167965 -0.2567781280517578 0.016653905076281773 0
18 0 0.31543606872558594 0.42796354675292964 0.012656967857974146 0
19 0 -0.26396073303222656 -0.3429693878173828 -0.0018652373685435584 0
19 0 0.20530279235839843 0.4207809417724609 0.0095926493239383 0
19 0 -0.22086510314941404 -0.3525461944580078 -0.011591117933092112 0
19 0 0.37768531188964843 -0.4531026641845703 0.006928024511733217 0
20 0 0.11192892761230468 0.20290859069824219 -0.010791730489430587 0
19 0 0.04967968444824218 -0.2280477081298828 0.007993874436615249 0
20 0 0.2651578338623047 0.025737667846679687 0.02771209804693287 0
19 0 -0.07003039855957031 -0.3860650177001953 0.009459418083328045 0
20 0 0.6602011077880859 -0.527322915649414 0.010791730489430587 0
20 0 -0.08200140686035155 0.07601590270996093 -0.007993874436615249 0
19 0 -0.04608838195800781 -0.42437224426269526 -0.013856049023466434 0
20 0 0.26276363220214843 0.5189432098388671 -0.0006661562030512708 0
19 0 0.19333178405761717 0.49260699157714843 0.008127105677225504 0
20 0 0.11432312927246092 0.31543606872558594 -0.028911179212425156 0
19 0 0.09995791931152344 -0.757166275024414 -0.0006661562030512708 0
20 0 0.18854338073730467 0.12629413757324218 0.013189892820415161 0
20 0 0.18854338073730467 0.12629413757324218 0.013189892820415161 0
19 0 -0.0796072052001953 -0.12509703674316405 -0.015188361429568975 0
19 0 0.23642741394042968 -0.1370680450439453 -0.0017320061279333043 0
20 0 -0.07481880187988281 0.2292448089599609 -0.030110260377917444 0
20 0 0.35134909362792965 -0.02454056701660156 -0.023182235866184224 0
19 0 -0.04129997863769531 0.04249707946777344 -0.01119142421126135 0
20 0 -0.14185644836425781 -0.5345055206298828 -0.014255742745297196 0
19 0 0.09516951599121093 0.28431144714355466 -0.0015987748873230502 0
20 0 -0.19692308654785154 0.11432312927246092 -0.0019984686091538122 0
19 0 0.21966800231933592 0.020949264526367185 0.014255742745297196 0
19 0 0.14784195251464843 0.2507926239013672 -0.00026646248122050834 0
20 0 0.13347674255371092 -0.3238157745361328 -0.006928024511733217 0
19 0 0.15741875915527342 -0.05087678527832031 0.0011990811654922875 0
20 0 0.36810850524902344 0.06643909606933593 -0.006528330789902454 0
19 0 0.2651578338623047 -0.11552023010253906 0.0007993874436615251 0
20 0 -0.2088940948486328 0.15263035583496093 0.007327718233563979 0
19 0 0.11192892761230468 0.14305354919433594 -0.002531393571594829 0
19 0 0.30346506042480464 -0.11791443176269531 0.02145022973825092 1
20 0 -0.0939724151611328 0.020949264526367185 -0.003330781015256354 0
19 0 0.17896657409667968 0.24361001892089842 0.03903675349880447 0
20 0 0.12389993591308593 -0.46507367248535153 0.006395099549292201 0
19 0 0.20290859069824219 -0.2041056915283203 0.01891883616665609 0
20 0 0.3537432952880859 -0.4626794708251953 0.013989280264076687 0
19 0 0.19093758239746092 -0.36930560607910157 0.012523736617363892 0
20 0 0.17657237243652343 0.5811924530029297 0.008127105677225504 0
20 0 0.17657237243652343 0.5811924530029297 0.008127105677225504 0
20 0 0.17178396911621094 0.07362170104980469 0.017719755001163802 0
8 0 0.49260699157714843 0.9738415252685546 0.06328483928987072 5
4 0 0.3441664886474609 0.2819172454833984 0.006661562030512708 4
2 0 0.20769699401855468 0.1693897674560547 0.05728943346240929 5
1 0 0.13108254089355467 0.03531447448730469 0.050627871431896586 3
0 0 0.19333178405761717 -0.1131260284423828 0.03877029101758396 3
0 0 0.17417817077636719 -0.11791443176269531 0.02211638594130219 1
0 0 0.13347674255371092 -0.03651157531738281 0.015321592670179228 1
0 0 0.11671733093261719 0.052073886108398436 0.02358192958801499 2
0 0 0.15741875915527342 -0.06763619689941405 0.03410719759622507 3
0 0 0.14784195251464843 -0.08678981018066406 0.040502297145517265 4
0 0 0.17417817077636719 -0.05805939025878906 0.058621745868511835 5
0 0 0.10953472595214843 -0.1945288848876953 0.07154517620770648 7
0 0 0.12150573425292968 -0.1466448516845703 0.08207044421591657 8
0 0 0.12150573425292968 -0.1466448516845703 0.08207044421591657 8
0 0 0.20051438903808594 -0.1466448516845703 0.09312863718656765 10
0 0 0.023343466186523436 -0.014963760375976562 0.09779173060792656 10
0 0 0.07841010437011718 -0.1945288848876953 0.09512710579572146 10
0 0 0.07841010437011718 -0.1753752716064453 0.10924961730040841 10
0 0 0.20530279235839843 -0.11073182678222655 0.1008560491419624 9
0 0 0.10714052429199218 -0.07003039855957031 0.09432771835205996 9
0 0 0.09516951599121093 -0.09636661682128905 0.09459418083328046 9
0 0 0.15981296081542967 -0.1274912384033203 0.1005895866607419 10
0 0 0.17417817077636719 -0.09157821350097656 0.09312863718656765 8
0 0 0.15023615417480468 -0.0796072052001953 0.09419448711144969 9
0 0 0.17657237243652343 -0.1514332550048828 0.09206278726168562 10
0 0 0.12629413757324218 -0.08439560852050781 0.09299540594595741 9
0 0 0.20290859069824219 -0.2136824981689453 0.09166309353985487 9
0 0 0.17417817077636719 -0.1657984649658203 0.0877993875621575 8
0 0 0.15741875915527342 -0.22086510314941404 0.09925727425463934 10
0 0 0.21727380065917967 -0.17298106994628906 0.11204747335322375 10
0 0 0.04249707946777344 -0.11552023010253906 0.09579326199877275 10
0 0 0.13347674255371092 -0.02454056701660156 0.1069846862100341 10
0 0 0.22685060729980466 -0.10354922180175781 0.09232924974290614 9
0 0 0.14305354919433594 -0.1514332550048828 0.10258805526989571 10
0 0 0.21248539733886718 -0.0796072052001953 0.10218836154806495 9
0 0 0.17657237243652343 -0.1083376251220703 0.10045635542013163 9
0 0 0.03531447448730469 -0.19213468322753904 0.09685911192365478 10
0 0 0.23642741394042968 -0.06763619689941405 0.10125574286379317 10
0 0 0.09756371765136718 -0.24959552307128904 0.09885758053280859 9
0 0 0.13108254089355467 -0.06284779357910156 0.10312098023233672 10
0 0 0.13826514587402344 -0.1753752716064453 0.09952373673585986 10
0 0 0.10474632263183593 -0.08200140686035155 0.09605972447999325 10
0 0 0.18614917907714842 -0.11552023010253906 0.10565237380393155 10
0 0 0.21966800231933592 -0.1945288848876953 0.10192189906684444 10
0 0 0.10474632263183593 -0.22086510314941404 0.10565237380393155 10
0 0 0.10953472595214843 -0.1370680450439453 0.09472741207389071 10
0 0 0.11911153259277343 -0.029328970336914062 0.10378713643538799 10
0 0 0.15981296081542967 -0.15861585998535155 0.1040535989166085 10
0 0 0.18614917907714842 -0.15861585998535155 0.09605972447999325 10
0 0 0.15502455749511718 -0.23044190979003906 0.09326186842717792 8
0 0 0.07601590270996093 -0.2136824981689453 0.09432771835205996 8
0 0 0.11192892761230468 -0.1466448516845703 0.09406125587083944 10
0 0 0.07122749938964844 -0.27353753967285155 0.10138897410440341 10
0 0 -0.0005985504150390625 -0.1083376251220703 0.10138897410440341 9
0 0 0.08798691101074219 -0.3142389678955078 0.09845788681097783 10
0 0 0.040102877807617184 -0.08200140686035155 0.0991240430140291 10
0 0 0.10953472595214843 -0.23044190979003906 0.09192955602107537 10
0 0 0.028131869506835935 -0.1945288848876953 0.10032312417952138 9
0 0 0.028131869506835935 -0.1945288848876953 0.10032312417952138 10
0 0 0.04249707946777344 -0.1227028350830078 0.09885758053280859 10
0 0 0.013766659545898436 -0.11791443176269531 0.09979019921708036 10
0 0 0.17178396911621094 -0.10354922180175781 0.1075176111724751 10
0 0 0.15023615417480468 -0.20171148986816406 0.09872434929219834 10
0 0 0.12868833923339842 -0.04848258361816406 0.10352067395416749 11
0 0 0.03531447448730469 -0.20171148986816406 0.10565237380393155 10
0 0 0.09516951599121093 -0.11791443176269531 0.10032312417952138 10
0 0 0.10953472595214843 -0.10354922180175781 0.09419448711144969 9
0 0 0.037708676147460936 -0.2184709014892578 0.09819142432975732 9
0 0 0.07122749938964844 -0.19692308654785154 0.09885758053280859 9
0 0 0.032920272827148434 -0.09636661682128905 0.09939050549524961 9
0 0 0.08319850769042968 -0.14185644836425781 0.1005895866607419 10
0 0 0.12868833923339842 -0.03890577697753906 0.08979785617131131 9
0 0 0.07841010437011718 -0.1322796417236328 0.09432771835205996 10
0 0 0.17657237243652343 -0.07721300354003906 0.09939050549524961 9
0 0 0.17178396911621094 -0.13946224670410157 0.09965696797647011 10
0 0 0.07362170104980469 -0.07003039855957031 0.10845022985674689 11
0 0 0.07841010437011718 -0.24480711975097655 0.10778407365369562 11
0 0 0.17178396911621094 -0.2663549346923828 0.09552679951755223 9
0 0 0.13826514587402344 -0.2472013214111328 0.10245482402928545 10
0 0 0.06643909606933593 -0.19213468322753904 0.10498621760088028 10
0 0 0.052073886108398436 -0.2088940948486328 0.10511944884149053 10
0 0 0.09995791931152344 -0.21128829650878905 0.10778407365369562 9
0 0 0.14305354919433594 -0.06045359191894531 0.10218836154806495 10
0 0 0.19572598571777342 -0.1370680450439453 0.0979249618485368 9
0 0 0.08559270935058594 -0.029328970336914062 0.09685911192365478 9
0 0 0.21009119567871093 -0.21128829650878905 0.10565237380393155 10
0 0 0.052073886108398436 -0.08439560852050781 0.0979249618485368 9
0 0 0.10474632263183593 -0.19213468322753904 0.0991240430140291 10
0 0 0.10953472595214843 -0.13467384338378904 0.10898315481918791 10
0 0 0.15263035583496093 -0.17776947326660156 0.11218070459383402 10
0 0 0.08080430603027343 -0.1514332550048828 0.09779173060792656 10
0 0 0.047285482788085934 -0.17776947326660156 0.08939816244948054 9
0 0 0.04967968444824218 -0.13467384338378904 0.09899081177341884 9
0 0 0.011372457885742187 -0.14425065002441406 0.09019754989314208 9
0 0 0.10714052429199218 -0.2184709014892578 0.09832465557036757 10
0 0 0.11911153259277343 -0.2711433380126953 0.09832465557036757 9
0 0 0.032920272827148434 -0.1274912384033203 0.09579326199877275 10
0 0 0.09995791931152344 -0.16819266662597654 0.09805819308914707 10
0 0 0.16699556579589842 -0.14185644836425781 0.09979019921708036 10
0 0 0.03531447448730469 -0.17058686828613281 0.10605206752576232 10
0 0 0.26755203552246093 -0.19213468322753904 0.10818376737552637 10
0 0 0.018555062866210937 -0.1610100616455078 0.1165773355339724 10
0 0 0.2316390106201172 -0.2950853546142578 0.10551914256332129 10
0 0 0.07362170104980469 -0.20171148986816406 0.09899081177341884 10
0 0 0.08319850769042968 -0.1083376251220703 0.09232924974290614 9
0 0 -0.0005985504150390625 -0.17058686828613281 0.09699234316426503 9
0 0 0.040102877807617184 -0.017357962036132813 0.09059724361497283 9
0 0 0.08798691101074219 -0.13946224670410157 0.09965696797647011 9
0 0 -0.0053869537353515625 -0.25438392639160157 0.09872434929219834 9
0 0 0.061650692749023434 -0.1322796417236328 0.09432771835205996 9
0 0 0.061650692749023434 -0.1322796417236328 0.09432771835205996 9
0 0 0.061650692749023434 -0.19692308654785154 0.10285451775111622 9
0 0 0.05686228942871093 -0.2328361114501953 0.1163108730527519 9
0 0 0.016160861206054686 -0.1753752716064453 0.10352067395416749 10
0 0 0.11432312927246092 -0.1801636749267578 0.09725880564548553 10
0 0 0.09995791931152344 -0.2136824981689453 0.10018989293891113 9
0 0 0.20769699401855468 -0.22565350646972654 0.1008560491419624 9
0 0 -0.03651157531738281 -0.1657984649658203 0.09685911192365478 10
0 0 0.037708676147460936 -0.1083376251220703 0.09605972447999325 10
0 0 0.037708676147460936 -0.1083376251220703 0.09605972447999325 9
0 0 0.061650692749023434 -0.05566518859863281 0.10218836154806495 9
0 0 0.11671733093261719 -0.1849520782470703 0.09406125587083944 10
0 0 0.06404489440917968 -0.1562216583251953 0.09432771835205996 10
0 0 0.12150573425292968 -0.20171148986816406 0.10165543658562393 9
0 0 0.19093758239746092 -0.18734627990722655 0.10738437993186487 10
0 0 0.061650692749023434 -0.23044190979003906 0.1008560491419624 10
0 0 0.10474632263183593 -0.1514332550048828 0.11324655451871604 9
0 0 0.12389993591308593 -0.25917232971191406 0.11817611042129544 11
0 0 0.08080430603027343 -0.2663549346923828 0.11391271072176731 11
0 0 0.08319850769042968 -0.3908534210205078 0.11164777963139298 10
0 0 0.032920272827148434 -0.1610100616455078 0.09299540594595741 10
0 0 0.047285482788085934 -0.12988544006347655 0.09246248098351639 9
0 0 0.061650692749023434 -0.19692308654785154 0.10258805526989571 10
0 0 0.09516951599121093 -0.21128829650878905 0.09925727425463934 8
0 0 0.14784195251464843 -0.19931728820800781 0.09179632478046512 9
0 0 0.1406593475341797 -0.20649989318847656 0.09712557440487529 9
0 0 0.11911153259277343 -0.1514332550048828 0.095926493239383 10
0 0 0.18854338073730467 -0.08918401184082031 0.10138897410440341 10
0 0 0.10714052429199218 -0.1227028350830078 0.10685145496942383 10
0 0 0.08559270935058594 -0.14185644836425781 0.11138131715017248 10
0 0 0.13108254089355467 -0.2041056915283203 0.09965696797647011 9
0 0 0.15023615417480468 -0.26874913635253905 0.09459418083328046 9
0 0 0.13587094421386717 -0.14185644836425781 0.0909969373368036 9
0 0 0.06883329772949218 -0.1466448516845703 0.09246248098351639 9
0 0 -0.07003039855957031 -0.07481880187988281 0.08819908128398826 9
0 0 0.08798691101074219 -0.10115502014160156 0.0912633998180241 8
0 0 0.06404489440917968 -0.1514332550048828 0.0976584993673163 8
0 0 0.1693897674560547 -0.20171148986816406 0.09779173060792656 9
0 0 0.12150573425292968 -0.24959552307128904 0.09672588068304452 10
0 0 0.020949264526367185 -0.2424129180908203 0.11551148560909036 10
0 0 0.11911153259277343 -0.24001871643066405 0.11271362955627502 10
0 0 0.061650692749023434 -0.28790274963378903 0.10938284854101867 10
0 0 0.059256491088867186 -0.1514332550048828 0.10964931102223918 9
0 0 0.16220716247558592 -0.1370680450439453 0.10218836154806495 9
0 0 0.15502455749511718 -0.20171148986816406 0.09605972447999325 9
0 0 -0.06045359191894531 -0.1466448516845703 0.0961929557206035 9
0 0 -0.06045359191894531 -0.1466448516845703 0.0961929557206035 9
0 0 0.061650692749023434 -0.11073182678222655 0.0944609495926702 9
0 0 0.10953472595214843 -0.1897404815673828 0.08966462493070104 9
0 0 0.052073886108398436 -0.1083376251220703 0.09899081177341884 9
0 0 0.09038111267089843 -0.17298106994628906 0.10125574286379317 10
0 0 0.09038111267089843 -0.2328361114501953 0.11497856064664935 10
0 0 0.12150573425292968 -0.16819266662597654 0.11524502312786986 10
0 0 0.07122749938964844 -0.1466448516845703 0.11084839218773147 10
0 0 0.06404489440917968 -0.24480711975097655 0.10458652387904951 10
7 0 0.07122749938964844 -0.19692308654785154 0.11031546722529044 11
12 0 -0.07003039855957031 -0.8265981231689452 0.11271362955627502 13
16 0 -0.08439560852050781 -0.6087257720947266 0.12217304763960306 9
17 0 -0.26396073303222656 -0.2136824981689453 0.08580091895300368 7
18 0 0.24361001892089842 -0.7020996368408202 0.08620061267483445 5
20 0 0.20290859069824219 0.20769699401855468 0.08286983165957809 5
20 0 0.3920505218505859 -0.05327098693847656 0.05076110267250684 3
20 0 0.5093664031982421 0.12629413757324218 0.07860643196004996 5
20 0 -0.40282442932128903 -0.10594342346191406 0.04729709041664023 2
20 0 0.22445640563964842 -0.4387374542236328 0.04822970910091201 3
20 0 -0.029328970336914062 -0.41958384094238277 0.01372281778285618 1
20 0 -0.2998737579345703 -0.8265981231689452 0.05555742733447599 3
20 0 0.2723404388427734 0.030526071166992186 0.0007993874436615251 0
20 0 0.5069722015380859 -0.4746504791259765 0.005862174586851183 2
20 0 0.032920272827148434 -0.06763619689941405 0.030110260377917444 0
20 0 0.032920272827148434 -0.06763619689941405 0.030110260377917444 0
20 0 -0.1753752716064453 0.011372457885742187 -0.020650842294589394 0
20 0 0.29388825378417965 0.2603694305419922 -0.0006661562030512708 0
20 0 -0.0987608184814453 -0.10594342346191406 0.017719755001163802 2
19 0 0.32501287536621093 -0.24480711975097655 0.0015987748873230502 0
20 0 -0.14903905334472656 -0.1753752716064453 0.014788667707738212 0
19 0 0.31064766540527344 -0.632667788696289 -0.009859111805158808 0
20 0 0.3441664886474609 0.20290859069824219 -0.016653905076281773 -1
19 0 0.16699556579589842 0.526125814819336 -0.006928024511733217 0
20 0 0.16699556579589842 0.526125814819336 -0.006928024511733217 0
20 0 -0.12988544006347655 -0.14903905334472656 0.0031975497746461004 1
20 0 0.052073886108398436 -0.03651157531738281 -0.02438131703167651 -1
20 0 -0.31184476623535157 0.17417817077636719 0.030776416580968708 0
20 0 -0.1753752716064453 0.052073886108398436 0.004663093421358896 2
19 0 0.1406593475341797 -0.1274912384033203 -0.008793261880276775 0
20 0 0.17896657409667968 0.19333178405761717 -0.00706125575234347 1
20 0 -0.3238157745361328 -0.2950853546142578 -0.00892649312088703 0
20 0 0.17417817077636719 0.016160861206054686 -0.013189892820415161 1
19 0 -0.5033808990478515 0.13108254089355467 0.04290045947650184 -1
19 0 0.06883329772949218 -0.2807201446533203 -0.006395099549292201 0
20 0 0.05686228942871093 -0.23523031311035156 0.0021316998497640668 2
19 0 -0.05805939025878906 0.06643909606933593 -0.004663093421358896 -2
19 0 0.11671733093261719 -0.5345055206298828 -0.018519142444825328 0
19 0 -0.0005985504150390625 -0.690128628540039 0.019984686091538126 0
20 0 0.2771288421630859 -0.766743081665039 -0.021316998497640665 0
19 0 -0.3333925811767578 -0.7332242584228515 0.045565084288706925 1
20 0 0.018555062866210937 0.5213374114990235 -0.005995405827461438 0
20 0 -0.09636661682128905 0.5955576629638671 0.007993874436615249 1
19 0 0.37768531188964843 0.43993455505371093 -0.008393568158446012 -1
20 0 0.18375497741699218 0.5692214447021484 -0.014255742745297196 1
19 0 -0.5632359405517577 -0.5416881256103515 0.03290811643073278 0
20 0 -0.5632359405517577 -0.5416881256103515 0.03290811643073278 0
20 0 -0.6949170318603515 0.2507926239013672 0.07567534466662436 -1
12 0 -0.2567781280517578 0.4495113616943359 -0.010125574286379316 0
5 0 0.2962824554443359 0.14784195251464843 0.019984686091538126 -3
4 0 -0.0652419952392578 0.13347674255371092 0.010258805526989571 0
1 0 -0.029328970336914062 -0.20649989318847656 0.006395099549292201 0
0 0 0.037708676147460936 -0.18255787658691405 0.008526799399056267 0
0 0 0.011372457885742187 -0.12509703674316405 0.005862174586851183 0
0 0 -0.007781155395507812 -0.11073182678222655 0.007327718233563979 0
0 0 -0.014963760375976562 -0.11791443176269531 0.008526799399056267 0
0 0 -0.02693476867675781 -0.1514332550048828 0.008127105677225504 0
0 0 0.025737667846679687 -0.14425065002441406 0.005329249624410166 0
0 0 -0.002992752075195312 -0.1610100616455078 0.0077274119553947425 0
0 0 0.06404489440917968 -0.1227028350830078 0.005196018383799912 0
0 0 -0.010175357055664061 -0.15382745666503905 0.006261868308681946 0
0 0 0.047285482788085934 -0.14425065002441406 0.003597243496476862 0
0 0 0.023343466186523436 -0.15861585998535155 0.005329249624410166 0
0 0 0.020949264526367185 -0.13946224670410157 0.005862174586851183 0
0 0 -0.014963760375976562 -0.11791443176269531 0.005728943346240929 0
0 0 0.040102877807617184 -0.12988544006347655 0.005062787143189658 0
0 0 0.025737667846679687 -0.1657984649658203 0.00546248086502042 0
0 0 0.040102877807617184 -0.1466448516845703 0.00706125575234347 0
0 0 -0.007781155395507812 -0.15382745666503905 0.004529862180748642 0
0 0 0.030526071166992186 -0.16340426330566404 0.0039969372183076245 0
0 0 0.006584054565429687 -0.1562216583251953 0.0042633996995281335 0
0 0 0.03531447448730469 -0.16819266662597654 0.006528330789902454 0
0 0 0.006584054565429687 -0.16819266662597654 0.007327718233563979 0
0 0 0.008978256225585938 -0.13467384338378904 0.004529862180748642 0
0 0 0.018555062866210937 -0.1562216583251953 0.006261868308681946 0
0 0 -0.0005985504150390625 -0.16340426330566404 0.00546248086502042 0
0 0 0.018555062866210937 -0.1322796417236328 0.00479632466196915 0
0 0 -0.022146365356445312 -0.1514332550048828 0.007993874436615249 0
0 0 0.008978256225585938 -0.12988544006347655 0.006395099549292201 0
0 0 0.044891281127929686 -0.16819266662597654 0.004929555902579404 0