0.044891281127929686   -0.16340426330566404   -9.814431155395507   0.009725880564548555   -0.005862174586851183   0.0042633996995281335   0.0048384   -0.0011518499999999998   0.00391695   0   0   0
0.06404489440917968   -0.14185644836425781   -9.819219558715819   0.0075941807147844875   -0.00546248086502042   0.0041301684589178786   0.0041088   -0.0015358499999999998   0.00364815   0   0   0
0.052073886108398436   -0.1610100616455078   -9.814431155395507   0.009459418083328045   -0.0041301684589178786   0.005196018383799912   0.0043392   -0.00165105   0.00407055   0   0   0
0.06404489440917968   -0.1562216583251953   -9.833584768676758   0.007993874436615249   -0.004396630940138388   0.005595712105630675   0.0047615999999999995   -0.0016126499999999998   0.00357135   0   0   0
0.059256491088867186   -0.14903905334472656   -9.8311905670166   0.007860643196004996   -0.0037304747370871167   0.004529862180748642   0.0044928   -0.0016126499999999998   0.00349455   0   0   0
0.030526071166992186   -0.1370680450439453   -9.80006594543457   0.011457886692481859   -0.002664624812205083   0.0075941807147844875   0.0048   -0.00165105   0.00380175   0   0   0
0.05686228942871093   -0.15861585998535155   -9.826402163696288   0.0077274119553947425   -0.0037304747370871167   0.005862174586851183   0.0048   -0.00145905   0.00353295   0   0   0
0.032920272827148434   -0.1370680450439453   -9.80724855041504   0.009192955602107537   -0.0029310872934255913   0.0037304747370871167   0.0041088   -0.0016126499999999998   0.0033793499999999997   0   0   0
0.059256491088867186   -0.1562216583251953   -9.80724855041504   0.008127105677225504   -0.003064318534035846   0.006128637068071692   0.004416   -0.0016894500000000001   0.00376335   0   0   0
0.020949264526367185   -0.17298106994628906   -9.80724855041504   0.008393568158446012   -0.003064318534035846   0.005329249624410166   0.0044544   -0.00176625   0.004147349999999999   0   0   0
0.052073886108398436   -0.12988544006347655   -9.7928833404541   0.0075941807147844875   -0.0014655436467127957   0.00706125575234347   0.0047231999999999994   -0.00157425   0.00395535   0   0   0
0.08559270935058594   -0.17776947326660156   -9.80724855041504   0.010658499248820332   -0.0031975497746461004   0.0042633996995281335   0.004185599999999999   -0.00145905   0.0038785499999999997   0   0   0
0.06643909606933593   -0.12509703674316405   -9.826402163696288   0.011324655451871604   -0.002531393571594829   0.005595712105630675   0.004185599999999999   -0.00176625   0.00341775   0   0   0
0.05686228942871093   -0.16340426330566404   -9.819219558715819   0.010525268008210078   -0.00479632466196915   0.005196018383799912   0.0044544   -0.0010366499999999999   0.0038785499999999997   0   0   0
0.030526071166992186   -0.15861585998535155   -9.804854348754882   0.008526799399056267   -0.0041301684589178786   0.0038637059776973712   0.0047231999999999994   -0.00138225   0.0038785499999999997   0   0   0
0.047285482788085934   -0.14425065002441406   -9.809642752075195   0.009059724361497283   -0.0031975497746461004   0.0031975497746461004   0.004416   -0.00126705   0.0033793499999999997   0   0   0
0.06883329772949218   -0.15861585998535155   -9.809642752075195   0.008393568158446012   -0.004663093421358896   0.006661562030512708   0.0046848   -0.0016126499999999998   0.00376335   0   0   0
0.06883329772949218   -0.12988544006347655   -9.833584768676758   0.007860643196004996   -0.003064318534035846   0.005595712105630675   0.004569599999999999   -0.0018046499999999999   0.00410895   0   0   0
0.059256491088867186   -0.14903905334472656   -9.847949978637695   0.005862174586851183   -0.004663093421358896   0.006661562030512708   0.0045312   -0.00119025   0.00353295   0   0   0
0.08559270935058594   -0.18255787658691405   -9.826402163696288   0.008793261880276775   -0.0038637059776973712   0.006661562030512708   0.0046848   -0.0014206499999999999   0.00376335   0   0   0
0.07601590270996093   -0.1466448516845703   -9.819219558715819   0.00866003063966652   -0.0039969372183076245   0.005995405827461438   -0.0048   -0.00134385   0.00364815   0   0   0
0.07362170104980469   -0.14903905334472656   -9.826402163696288   0.008793261880276775   -0.00479632466196915   0.005728943346240929   0.0048   -0.00157425   0.00395535   0   0   0
0.054468087768554684   -0.1466448516845703   -9.819219558715819   0.008260336917835757   -0.0014655436467127957   0.005995405827461438   0.0044928   -0.0018814499999999998   0.0038401499999999996   0   0   0
0.07122749938964844   -0.15382745666503905   -9.833584768676758   0.006528330789902454   -0.00706125575234347   0.005196018383799912   0.004608   -0.00184305   0.00368655   0   0   0
0.08798691101074219   -0.15382745666503905   -9.821613760375977   0.0075941807147844875   -0.0034640122558666085   0.005862174586851183   0.0046848   -0.0016894500000000001   0.00391695   0   0   0
0.10235212097167969   -0.1801636749267578   -9.828796365356444   0.008393568158446012   -0.003064318534035846   0.005862174586851183   0.0042623999999999995   -0.00145905   0.00360975   0   0   0
0.054468087768554684   -0.17058686828613281   -9.840767373657226   0.006794793271122962   -0.005595712105630675   0.0034640122558666085   0.0046848   -0.0016894500000000001   0.00403215   0   0   0
0.037708676147460936   -0.1610100616455078   -9.80724855041504   0.008793261880276775   -0.005728943346240929   0.006528330789902454   -0.004876800000000001   -0.0016126499999999998   0.00410895   0   0   0
0.07601590270996093   -0.17298106994628906   -9.816825357055663   0.008793261880276775   -0.0021316998497640668   0.004529862180748642   0.0047615999999999995   -0.0015358499999999998   0.00410895   0   0   0
0.07362170104980469   -0.1610100616455078   -9.814431155395507   0.0095926493239383   -0.004529862180748642   0.007860643196004996   0.0045312   -0.00157425   0.00395535   0   0   0
0.06404489440917968   -0.12509703674316405   -9.826402163696288   0.008393568158446012   -0.00479632466196915   0.006794793271122962   0.0048   -0.00130545   0.0038785499999999997   0   0   0
0.052073886108398436   -0.14425065002441406   -9.819219558715819   0.0074609494741742334   -0.003064318534035846   0.008526799399056267   0.004569599999999999   -0.0018046499999999999   0.00357135   0   0   0
0.07362170104980469   -0.1514332550048828   -9.797671743774414   0.009326186842717792   -0.0039969372183076245   0.004396630940138388   -0.0048384   -0.00184305   0.00395535   0   0   0
0.04249707946777344   -0.15861585998535155   -9.821613760375977   0.006395099549292201   -0.004663093421358896   0.0039969372183076245   0.0044544   -0.00176625   0.00380175   0   0   0
0.07841010437011718   -0.17058686828613281   -9.80006594543457   0.007993874436615249   -0.003064318534035846   0.00479632466196915   0.0046848   -0.0014206499999999999   0.0038401499999999996   0   0   0
0.07122749938964844   -0.14185644836425781   -9.8311905670166   0.008526799399056267   -0.0038637059776973712   0.005995405827461438   0.004416   -0.0016894500000000001   0.00364815   0   0   0
0.06404489440917968   -0.17298106994628906   -9.821613760375977   0.007860643196004996   -0.0038637059776973712   0.005728943346240929   0.0047231999999999994   -0.00176625   0.00407055   0   0   0
0.044891281127929686   -0.17298106994628906   -9.819219558715819   0.01092496173004084   -0.0037304747370871167   0.0042633996995281335   0.0044544   -0.00165105   0.00395535   0   0   0
0.052073886108398436   -0.17058686828613281   -9.835978970336914   0.00892649312088703   -0.002398162330984575   0.0075941807147844875   0.0040704   -0.0021118499999999998   0.00368655   0   0   0
0.052073886108398436   -0.1562216583251953   -9.809642752075195   0.006661562030512708   -0.005196018383799912   0.0042633996995281335   0.004569599999999999   -0.0016894500000000001   0.0038401499999999996   0   0   0
0.037708676147460936   -0.1753752716064453   -9.843161575317382   0.006528330789902454   -0.004929555902579404   0.005329249624410166   0.0046848   -0.0016126499999999998   0.0038401499999999996   0   0   0
0.07122749938964844   -0.12509703674316405   -9.828796365356444   0.010125574286379316   -0.0018652373685435584   0.007194486992953724   0.0045312   -0.00165105   0.00360975   0   0   0
0.059256491088867186   -0.13946224670410157   -9.80006594543457   0.007993874436615249   -0.0039969372183076245   0.006528330789902454   0.004876800000000001   -0.00138225   0.00380175   0   0   0
0.03531447448730469   -0.1514332550048828   -9.816825357055663   0.009326186842717792   -0.002664624812205083   0.003330781015256354   0.0043392   -0.00138225   0.00368655   0   0   0
0.061650692749023434   -0.13467384338378904   -9.826402163696288   0.011058192970651096   -0.004663093421358896   0.0077274119553947425   0.0044544   -0.00145905   0.00360975   0   0   0
0.6003460662841796   -0.872087954711914   -10.326790310668944   -0.01785298624177406   0.06834762643306039   0.04849617158213251   0.004876800000000001   -0.0010366499999999999   0.0031489499999999998   0   0   0
-0.2519897247314453   -0.5967547637939453   -10.29805989074707   0.03397396635561482   -0.03930321598002498   -0.014788667707738212   0.004416   -0.0008830499999999999   0.00303375   0   0   0
0.5404910247802734   -0.5632359405517577   -8.914211331176757   -0.03916998473941472   -0.06062021447766564   -0.0009326186842717792   0.0044928   -0.0011518499999999998   0.00295695   0   0   0
0.018555062866210937   0.17417817077636719   -10.836755264282226   -0.0077274119553947425   0.032774885190122525   -0.0075941807147844875   0.0047615999999999995   -0.00134385   0.0033793499999999997   24   0   0
-0.33578678283691404   -0.4387374542236328   -9.575010989379882   -0.03090964782157897   0.10325421147294699   0.01732006127933304   0.004185599999999999   -0.00084465   0.00272655   24   0   0
-0.03651157531738281   -0.18734627990722655   -9.309254605102538   0.09459418083328046   -0.07341041357625004   0.012923430339194653   0.0042623999999999995   -0.00057585   0.00299535   24   0   0
0.4423287567138672   0.40402153015136716   -10.108917959594725   0.12097396647411078   -0.16920367557502278   0.008260336917835757   0.0045312   -0.00030705   0.00299535   28   0   0
0.5572504364013672   0.15263035583496093   -9.575010989379882   0.00706125575234347   -0.03903675349880447   0.012257274136143383   0.0039168   -0.00038385   0.00280335   28   0   0
0.40880993347167965   -0.2088940948486328   -9.11053586730957   -0.028911179212425156   -0.07021286380160394   0.01372281778285618   0.004032   -0.00015345   0.0033025499999999996   28   0   0
0.43514615173339843   0.24121581726074218   -11.0953290435791   0.08580091895300368   -0.07341041357625004   0.02717917308449185   0.0035327999999999996   -0.00030705   0.0026113499999999997   29   0   0
1.1534066497802733   0.3010708587646484   -10.604517703247069   -0.0010658499248820334   0.007993874436615249   0.012523736617363892   0.0039168   -0.00011504999999999999   0.00280335   29   0   0
-0.36930560607910157   -0.9319429962158202   -9.759364517211914   -0.0223828484225227   0.14535528350578727   0.030643185340358457   0.0039168   0.0001539   0.00272655   29   0   1
-0.8864531646728515   0.3920505218505859   -10.887033499145508   -0.0041301684589178786   0.08540122523117293   0.012124042895533128   0.0037248   0.0006146999999999999   0.00245775   29   0   1
-0.2759317413330078   -0.017357962036132813   -9.704297879028319   -0.030110260377917444   -0.061686064402547675   0.00866003063966652   0.0036864   0.0005763   0.00222735   29   0   1
0.5524620330810547   -0.3956418243408203   -9.038709817504882   0.03410719759622507   -0.10884992357857765   -0.02784532928754312   0.0034944   0.0006531   0.0021505499999999998   29   0   1
0.6865373260498047   0.30346506042480464   -8.85435628967285   0.008260336917835757   -0.03384073511500456   -0.014522205226517704   0.0033024   0.0008451   0.00222735   29   0   0
0.43035774841308594   0.4064157318115234   -10.190320816040039   0.1217733539177723   0.01785298624177406   -0.002264931090374321   0.0035711999999999996   0.0009219   0.00195855   29   0   0
0.28909985046386716   -0.6661866119384765   -7.429806301879882   -0.12377182252692612   0.05529096485325548   -0.0029310872934255913   0.0039552   0.0010371   0.00149775   29   0   0
-0.7212532501220703   -0.07242460021972656   -10.812813247680664   0.050627871431896586   0.14535528350578727   0.01185758041431262   0.0036864   0.0017667   0.00149775   29   0   2
0.19333178405761717   0.04967968444824218   -8.322843521118164   -0.06541653913963479   0.06901378263611166   0.002398162330984575   0.00384   0.0017667   0.0011521499999999998   29   0   2
0.07841010437011718   -0.8409633331298828   -10.650007534790038   0.05089433391311709   0.10018989293891113   -0.004396630940138388   0.0041088   0.0016515   0.0012289500000000001   30   0   0
-0.3190273712158203   0.2292448089599609   -9.713874685668944   -0.02851148549059439   0.09033078113375231   0.00866003063966652   0.0037632   0.0014979   0.00096015   30   0   0
-0.6446387969970703   0.16699556579589842   -11.358691226196289   0.0831362941407986   0.10884992357857765   0.004529862180748642   0.0039936   0.0019971   0.0008449499999999999   30   0   0
-0.25438392639160157   -0.2088940948486328   -8.411428982543946   0.016254211354451008   0.0656830016208553   -0.004529862180748642   0.00384   0.0017667   0.00034575   30   0   0
-0.8960299713134765   -0.5153519073486328   -10.54705686340332   0.04956202150701455   0.1450888210245668   0.00866003063966652   0.0042623999999999995   0.0018050999999999998   0.00023055   30   0   0
-0.1274912384033203   0.2819172454833984   -9.402628469848633   0.025980091918999564   -0.04210107203284031   -0.02211638594130219   0.004224   0.0018435   0.00034575   30   0   0
-0.3381809844970703   -0.6206967803955078   -8.928576541137694   0.09219601850229588   -0.22129709065363218   -0.045831546769927435   0.00384   0.0011139   0.00042255   30   0   0
0.7511807708740234   -0.10594342346191406   -8.988431582641601   0.07794027575699869   -0.16440735091305364   -0.0351730475211071   0.0041088   0.0014979   1.5e-07   30   0   0
0.16220716247558592   -0.4171896392822265   -8.059481338500976   0.00013323124061025417   -0.08513476274995242   -0.020917304775809904   0.0042623999999999995   0.0011523   -0.000576   30   0   0
0.4638765716552734   -0.4842272857666015   -7.939771255493164   -0.03290811643073278   -0.06634915782390657   -0.023182235866184224   0.0041088   0.0011139   -0.0005376000000000001   30   0   0
0.4495113616943359   -0.4291606475830078   -8.078634951782226   -0.010392036767599824   -0.03450689131805583   -0.007194486992953724   0.0043392   0.0012675   -0.0002304   30   0   0
-0.1227028350830078   -0.14425065002441406   -9.582193594360351   -0.07807350699760894   0.10645176124759308   0.04516539056687616   0.004224   0.0010371   -0.0005376000000000001   30   0   0
-0.3764882110595703   -0.2663549346923828   -8.157643606567383   0.010392036767599824   0.08873200624642927   0.022915773384963718   0.004876800000000001   0.0014595   -0.000576   30   0   0
-0.6733692169189452   -0.7595604766845703   -6.338050344848632   -0.0944609495926702   0.04316692195772235   0.00892649312088703   0.0042623999999999995   0.0009987   -0.00042239999999999997   30   0   0
-0.6039373687744141   0.030526071166992186   -10.015544094848632   0.037437978611481425   0.0674150077487886   0.04356661567955311   0.0045312   0.0009987   -0.0004992   30   0   0
-0.11073182678222655   0.24600422058105467   -10.108917959594725   -0.013456355301635671   -0.015588055151399736   0.015987748873230498   0.004608   0.0008835   -0.000576   29   0   0
-0.9080009796142577   -0.8960299713134765   -7.791330752563476   0.00546248086502042   -0.0010658499248820334   0.036905053649040405   0.0048   0.0008066999999999999   -0.0008447999999999999   29   0   0
-0.5033808990478515   -0.2280477081298828   -10.089764346313476   0.021983154700691936   -0.06954670759855268   0.00866003063966652   0.0044544   0.0006146999999999999   -0.000768   30   0   0
-0.012569558715820313   0.17896657409667968   -10.702679971313476   0.054225114928373445   -0.009725880564548555   0.024514548272286767   -0.0046848   0.0008066999999999999   -0.0012288   30   0   0
-0.14185644836425781   0.42317514343261714   -10.084975942993163   0.02211638594130219   -0.03996937218307625   0.022516079663132953   0.004569599999999999   0.0006531   -0.0014208   30   0   0
0.18375497741699218   0.34656069030761716   -9.941323843383788   0.007327718233563979   -0.07727411955394742   -0.018252679963604822   -0.0044544   0.0003075   -0.0009984   29   0   0
0.40402153015136716   0.39923312683105466   -10.168773001098632   0.04236753451406083   -0.029843797896696934   0.013456355301635671   -0.0047615999999999995   0.00034589999999999995   -0.00096   29   0   0
0.28909985046386716   0.054468087768554684   -9.797671743774414   -0.002398162330984575   -0.0528928025222709   0.01092496173004084   -0.0048384   -0.00011504999999999999   -0.0018432   29   0   0
0.7272387542724609   -0.699705435180664   -9.649231240844726   -0.008393568158446012   0.019718223610317616   0.030509954099748205   -0.0047615999999999995   -0.00019185   -0.0018432   29   0   0
-0.8984241729736328   -0.6973112335205077   -8.844779483032227   -0.013989280264076687   0.13829402775344382   0.028777947971814898   -0.0043008000000000005   0.00034589999999999995   -0.0013055999999999999   29   0   0
0.07362170104980469   -0.24959552307128904   -9.670779055786133   -0.050094946469455566   0.030243491618527695   0.019318529888486854   -0.004608   -0.00034544999999999997   -0.0016128   29   0   0
-0.12030863342285156   -0.04608838195800781   -10.252570059204102   -0.0029310872934255913   0.1267029098203517   0.03144257278401998   -0.004608   -0.00042225   -0.0012672   30   0   -1
-0.4052186309814453   -0.5201403106689453   -8.933364944458008   0.061552833161937416   0.03037672285913795   0.00026646248122050834   -0.0045312   -0.00015345   -0.001344   30   0   -1
-0.10594342346191406   -0.2759317413330078   -11.492766519165038   0.08686676887788572   -0.011724349173702365   0.01119142421126135   -0.004876800000000001   -0.00023025   -0.0010752000000000001   30   0   -1