0   0   0
0   0   0
0   0   0
0   0   0
0   0   0
0   0   0
0   0   0
0   0   0
0   0   0
0   0   0
0   0   0
0   0   0
26   0   0
29   0   0
29   0   0
30   0   0
29   0   0
29   0   0
30   0   0
29   0   0
29   0   0
30   0   0
30   0   0
29   0   0
29   0   0
30   0   0
1   0   0
0   0   0
0   0   0
0   0   0
0   0   0
0   0   0
-1   0   20
0   0   27
0   0   29
0   0   29
0   0   30
0   0   29
0   0   30
0   0   29
0   0   30
0   0   29
0   0   30
0   0   29
0   0   30
0   0   5
0   0   0
0   0   0
0   0   0
28   0   5
29   0   1
29   0   0
30   0   1
30   0   0
30   0   0
30   0   0
29   0   0
29   0   0
30   0   0
30   0   0
30   0   0
30   0   0
29   0   0
30   0   0
2   0   0
0   0   0
0   0   0
0   0   0
2   0   -18
1   0   -26
0   0   -29
0   0   -30
0   0   -31
0   0   -30
0   0   -31
0   0   -30
0   0   -30
0   0   -31
0   0   -31
0   0   -30
-1   0   -5
0   0   -1
25   0   -5
28   0   -2
29   0   0
29   0   0
30   0   0
30   0   0
29   0   0
30   0   0
29   0   0
29   0   0
30   0   0
29   0   0
29   0   0
2   0   -1
0   0   0
-4   21   0
-2   27   0
-1   29   0
0   30   0
0   30   0
0   30   0
0   31   0
0   31   0
0   30   0
0   30   0
6   8   0
2   2   0
0   0   0
0   0   0