0 0 0 0 0 0
End of navigation
End of Manual Control
0 0 0.09277531433105468 -0.04608838195800781 0.006528330789902454 0
End of Auto_Control
Start of Auto Control
0 0 0.06883329772949218 -0.06284779357910156 0.0077274119553947425 0
0 0 0.08798691101074219 -0.07481880187988281 0.005862174586851183 0
0 0 0.07601590270996093 -0.04129997863769531 0.00479632466196915 0
0 0 0.08319850769042968 -0.03172317199707031 0.005595712105630675 0
0 0 0.07122749938964844 -0.007781155395507812 0.00706125575234347 0
0 0 0.08798691101074219 -0.08439560852050781 0.005062787143189658 0
0 0 0.07362170104980469 -0.07003039855957031 0.0077274119553947425 0
0 0 0.08559270935058594 -0.07481880187988281 0.005196018383799912 0
0 0 0.06643909606933593 -0.02454056701660156 0.00479632466196915 0
0 0 0.059256491088867186 -0.03411737365722656 0.00546248086502042 0
0 0 0.040102877807617184 -0.07003039855957031 0.004663093421358896 0
0 0 0.059256491088867186 -0.05566518859863281 0.006528330789902454 0
0 0 0.07122749938964844 -0.04608838195800781 0.00479632466196915 0
0 0 0.08798691101074219 -0.05327098693847656 0.009326186842717792 0
0 0 0.07122749938964844 -0.07481880187988281 0.00546248086502042 0
0 0 0.07841010437011718 -0.04848258361816406 0.008393568158446012 0
0 0 0.052073886108398436 -0.04129997863769531 0.007327718233563979 0
0 0 0.061650692749023434 -0.05327098693847656 0.004663093421358896 0
0 0 0.059256491088867186 -0.06284779357910156 0.006794793271122962 0
0 0 0.07601590270996093 -0.06284779357910156 0.005196018383799912 0
0 0 0.06643909606933593 -0.03890577697753906 0.00892649312088703 0
0 0 0.06404489440917968 -0.06284779357910156 0.0077274119553947425 0
0 0 0.08559270935058594 -0.04369418029785156 0.005862174586851183 0
0 0 0.06643909606933593 -0.07242460021972656 0.006794793271122962 0
0 0 0.10235212097167969 -0.0652419952392578 0.005995405827461438 0
0 0 0.061650692749023434 -0.07721300354003906 0.008526799399056267 0
0 0 0.07362170104980469 -0.05087678527832031 0.004396630940138388 0
0 0 0.09038111267089843 -0.06284779357910156 0.006395099549292201 0
0 0 0.047285482788085934 -0.04129997863769531 0.006528330789902454 0
0 0 0.07841010437011718 -0.04369418029785156 0.006528330789902454 0
0 0 0.06643909606933593 -0.05566518859863281 0.005595712105630675 0
0 0 0.07122749938964844 -0.022146365356445312 0.006128637068071692 0
0 0 0.08559270935058594 -0.0796072052001953 0.006528330789902454 0
0 0 0.06883329772949218 -0.03651157531738281 0.007327718233563979 0
0 0 0.04249707946777344 -0.03411737365722656 0.00546248086502042 0
0 0 0.047285482788085934 -0.0796072052001953 0.005995405827461438 0
0 0 0.07122749938964844 -0.07003039855957031 0.008260336917835757 0
0 0 0.07122749938964844 -0.07003039855957031 0.008260336917835757 0
0 0 0.059256491088867186 -0.06284779357910156 0.007993874436615249 0
0 0 0.044891281127929686 -0.07003039855957031 0.008393568158446012 0
0 0 0.08798691101074219 -0.03890577697753906 0.006528330789902454 0
0 0 0.07122749938964844 -0.07242460021972656 0.006395099549292201 0
0 0 0.06643909606933593 -0.05566518859863281 0.007327718233563979 0
0 0 0.08319850769042968 -0.08200140686035155 0.008393568158446012 0
0 0 0.09277531433105468 -0.05805939025878906 0.005728943346240929 0
0 0 0.06643909606933593 -0.03172317199707031 0.0074609494741742334 0
0 0 0.10714052429199218 -0.05805939025878906 0.00866003063966652 0
0 0 0.08319850769042968 -0.0796072052001953 0.006794793271122962 0
0 0 0.08080430603027343 -0.03172317199707031 0.00866003063966652 0
0 0 0.08080430603027343 -0.02454056701660156 0.004929555902579404 0
0 0 0.04967968444824218 -0.07003039855957031 0.005995405827461438 0
0 0 0.08319850769042968 -0.05327098693847656 0.006395099549292201 0
0 0 0.07601590270996093 -0.05805939025878906 0.005862174586851183 0
0 0 0.10474632263183593 -0.05087678527832031 0.006528330789902454 0
0 0 0.07122749938964844 -0.04369418029785156 0.005995405827461438 0
0 0 0.07601590270996093 -0.04608838195800781 0.007860643196004996 0
0 0 0.044891281127929686 -0.04608838195800781 0.004663093421358896 0
0 0 0.08319850769042968 -0.05805939025878906 0.006128637068071692 0
0 0 0.08798691101074219 -0.05805939025878906 0.00479632466196915 0
0 0 0.08559270935058594 -0.07721300354003906 0.006128637068071692 0
0 0 0.07362170104980469 -0.05805939025878906 0.006794793271122962 0
0 0 0.06883329772949218 -0.04129997863769531 0.007993874436615249 0
0 0 0.08559270935058594 -0.06284779357910156 0.006661562030512708 0
0 0 0.06643909606933593 -0.05327098693847656 0.006395099549292201 0
0 0 0.061650692749023434 -0.04129997863769531 0.008526799399056267 0
0 0 0.07362170104980469 -0.06045359191894531 0.006661562030512708 0
0 0 0.07601590270996093 -0.06045359191894531 0.008393568158446012 0
0 0 0.08798691101074219 -0.04129997863769531 0.009725880564548555 0
0 0 0.06404489440917968 -0.04608838195800781 0.005995405827461438 0
0 0 0.04249707946777344 -0.0652419952392578 0.005595712105630675 0
0 0 0.059256491088867186 -0.06284779357910156 0.008393568158446012 0
0 0 0.07362170104980469 -0.06763619689941405 0.007194486992953724 0
0 0 0.09516951599121093 -0.03172317199707031 0.006261868308681946 0
0 0 0.054468087768554684 -0.05087678527832031 0.0075941807147844875 0
0 0 0.11671733093261719 -0.05805939025878906 0.006395099549292201 0
0 0 0.07122749938964844 -0.07242460021972656 0.00706125575234347 0
0 0 0.07122749938964844 -0.05087678527832031 0.008393568158446012 0
0 0 0.09516951599121093 -0.07481880187988281 0.005995405827461438 0
0 0 0.047285482788085934 -0.05087678527832031 0.006395099549292201 0
0 0 0.06404489440917968 -0.05805939025878906 0.005728943346240929 0
0 0 0.08319850769042968 -0.06045359191894531 0.004663093421358896 0
0 0 0.08080430603027343 -0.05087678527832031 0.006928024511733217 0
0 0 0.054468087768554684 -0.05805939025878906 0.005728943346240929 0
0 0 0.08798691101074219 -0.05566518859863281 0.009059724361497283 0
0 0 0.05686228942871093 -0.03411737365722656 0.00546248086502042 0
0 0 0.06643909606933593 -0.04369418029785156 0.005062787143189658 0
0 0 0.059256491088867186 -0.05087678527832031 0.006928024511733217 0
0 0 0.06883329772949218 -0.07242460021972656 0.006261868308681946 0
0 0 0.09995791931152344 -0.06763619689941405 0.0075941807147844875 0
0 0 0.08080430603027343 -0.07003039855957031 0.006661562030512708 0
0 0 0.08080430603027343 -0.07003039855957031 0.006661562030512708 0
0 0 0.08080430603027343 -0.05327098693847656 0.006661562030512708 0
0 0 0.08798691101074219 -0.06763619689941405 0.00866003063966652 0
0 0 0.08798691101074219 -0.04848258361816406 0.0039969372183076245 0
0 0 0.08080430603027343 -0.06045359191894531 0.0042633996995281335 0
0 0 0.08798691101074219 -0.02693476867675781 0.006661562030512708 0
0 0 0.09516951599121093 -0.06045359191894531 0.006661562030512708 0
0 0 0.09756371765136718 -0.03651157531738281 0.005995405827461438 0
0 0 0.05686228942871093 -0.04608838195800781 0.006395099549292201 0
0 0 0.04249707946777344 -0.0939724151611328 0.00706125575234347 0
0 0 0.07122749938964844 -0.04848258361816406 0.006261868308681946 0
0 0 0.08798691101074219 -0.08200140686035155 0.009326186842717792 0
0 0 0.09277531433105468 -0.02693476867675781 0.006128637068071692 0
0 0 0.06883329772949218 -0.05327098693847656 0.008793261880276775 0
0 0 0.07122749938964844 -0.05327098693847656 0.009326186842717792 0
0 0 0.07122749938964844 -0.04369418029785156 0.006128637068071692 0
0 0 0.04967968444824218 -0.03890577697753906 0.0074609494741742334 0
0 0 0.13347674255371092 -0.06763619689941405 0.005862174586851183 0
0 0 0.08798691101074219 -0.06045359191894531 0.005995405827461438 0
0 0 0.12389993591308593 -0.04608838195800781 0.006928024511733217 0
0 0 0.07841010437011718 -0.05566518859863281 0.006261868308681946 0
0 0 0.054468087768554684 -0.04369418029785156 0.006128637068071692 0
0 0 0.052073886108398436 -0.05566518859863281 0.00546248086502042 0
0 0 0.07362170104980469 -0.04129997863769531 0.009459418083328045 0
0 0 0.07362170104980469 -0.06763619689941405 0.006928024511733217 0
0 0 0.05686228942871093 -0.06284779357910156 0.008393568158446012 0
0 0 0.07601590270996093 -0.02693476867675781 0.005728943346240929 0
0 0 0.08559270935058594 -0.04848258361816406 0.003064318534035846 0
0 0 0.07122749938964844 -0.04608838195800781 0.006794793271122962 0
0 0 0.07601590270996093 -0.03890577697753906 0.006528330789902454 0
0 0 0.08559270935058594 -0.06045359191894531 0.004529862180748642 0
0 0 0.08080430603027343 -0.04608838195800781 0.006395099549292201 0
0 0 0.06404489440917968 -0.06284779357910156 0.004396630940138388 0
0 0 0.08319850769042968 -0.07242460021972656 0.007327718233563979 0
0 0 0.05686228942871093 -0.04848258361816406 0.005728943346240929 0
0 0 0.07122749938964844 -0.0796072052001953 0.007327718233563979 0
0 0 0.07601590270996093 -0.05087678527832031 0.009459418083328045 0
0 0 0.06643909606933593 -0.04848258361816406 0.0037304747370871167 0
0 0 0.07122749938964844 -0.05087678527832031 0.006395099549292201 0
0 0 0.08559270935058594 -0.06284779357910156 0.006661562030512708 0
0 0 0.08080430603027343 -0.017357962036132813 0.00706125575234347 0
0 0 0.04249707946777344 -0.05805939025878906 0.005329249624410166 0
0 0 0.08319850769042968 -0.03172317199707031 0.00546248086502042 0
0 0 0.06643909606933593 -0.05327098693847656 0.005062787143189658 0
0 0 0.06883329772949218 -0.022146365356445312 0.007860643196004996 0
0 0 0.06883329772949218 -0.08678981018066406 0.005995405827461438 0
0 0 0.05686228942871093 -0.05805939025878906 0.00479632466196915 0
0 0 0.06883329772949218 -0.05566518859863281 0.008393568158446012 0
0 0 0.047285482788085934 -0.02693476867675781 0.005329249624410166 0
0 0 0.09277531433105468 -0.03651157531738281 0.0042633996995281335 0
0 0 0.05686228942871093 -0.07721300354003906 0.007327718233563979 0
0 0 0.09038111267089843 -0.07721300354003906 0.006928024511733217 0
0 0 0.10474632263183593 -0.05327098693847656 0.005196018383799912 0
0 0 0.09516951599121093 -0.04848258361816406 0.006794793271122962 0
0 0 0.054468087768554684 -0.07003039855957031 0.005728943346240929 0
0 0 0.08319850769042968 -0.03651157531738281 0.00706125575234347 0
0 0 0.08080430603027343 -0.07242460021972656 0.007860643196004996 0
0 0 0.059256491088867186 -0.07721300354003906 0.00866003063966652 0
0 0 0.07122749938964844 -0.04369418029785156 0.006128637068071692 0
0 0 0.07362170104980469 -0.06045359191894531 0.005862174586851183 0
0 0 0.07122749938964844 -0.06284779357910156 0.008793261880276775 0
0 0 0.09277531433105468 -0.03651157531738281 0.00706125575234347 0
0 0 0.08080430603027343 -0.03890577697753906 0.007860643196004996 0
0 0 0.052073886108398436 -0.04369418029785156 0.004663093421358896 0
0 0 0.08319850769042968 -0.05327098693847656 0.0042633996995281335 0
0 0 0.08080430603027343 -0.02454056701660156 0.007860643196004996 0
0 0 0.07601590270996093 -0.0652419952392578 0.00706125575234347 0
0 0 0.07841010437011718 -0.05087678527832031 0.005329249624410166 0
0 0 0.07362170104980469 -0.05327098693847656 0.006928024511733217 0
0 0 0.09756371765136718 -0.05566518859863281 0.008127105677225504 0
0 0 0.09038111267089843 -0.04608838195800781 0.008526799399056267 0
0 0 0.12150573425292968 -0.04369418029785156 0.0075941807147844875 0
0 0 0.06883329772949218 -0.06763619689941405 0.0075941807147844875 0
0 0 0.09038111267089843 -0.05327098693847656 0.006261868308681946 0
0 0 0.08319850769042968 -0.05566518859863281 0.007327718233563979 0
0 0 0.10474632263183593 -0.06045359191894531 0.006395099549292201 0
0 0 0.06883329772949218 -0.06284779357910156 0.006128637068071692 0
0 0 0.054468087768554684 -0.05805939025878906 0.00706125575234347 0
0 0 0.09516951599121093 -0.0652419952392578 0.006661562030512708 0
0 0 0.06404489440917968 -0.05566518859863281 0.0074609494741742334 0
0 0 0.06883329772949218 -0.04848258361816406 0.006661562030512708 0
0 0 0.08319850769042968 -0.08678981018066406 0.005062787143189658 0
0 0 0.11192892761230468 -0.0796072052001953 0.008260336917835757 0
0 0 0.08080430603027343 -0.06284779357910156 0.008127105677225504 0
0 0 0.044891281127929686 -0.04848258361816406 0.008260336917835757 0
0 0 0.09038111267089843 -0.05327098693847656 0.004929555902579404 0
0 0 0.07841010437011718 -0.04608838195800781 0.005995405827461438 0
0 0 0.059256491088867186 -0.0652419952392578 0.005995405827461438 0
0 0 0.09038111267089843 -0.04129997863769531 0.0074609494741742334 0
0 0 0.059256491088867186 -0.05087678527832031 0.00479632466196915 0
0 0 0.08080430603027343 -0.08439560852050781 0.0039969372183076245 0
0 0 0.052073886108398436 -0.0652419952392578 0.005995405827461438 0
0 0 0.08559270935058594 -0.05805939025878906 0.006928024511733217 0
0 0 0.07362170104980469 -0.03651157531738281 0.006395099549292201 0
0 0 0.07122749938964844 -0.04848258361816406 0.006928024511733217 0
0 0 0.06883329772949218 -0.03172317199707031 0.0077274119553947425 0
0 0 0.07362170104980469 -0.03651157531738281 0.0077274119553947425 0
0 0 0.10235212097167969 -0.05087678527832031 0.006528330789902454 0
0 0 0.07601590270996093 -0.04369418029785156 0.009459418083328045 0
0 0 0.08080430603027343 -0.07481880187988281 0.006261868308681946 0
0 0 0.07841010437011718 -0.0652419952392578 0.005062787143189658 0
0 0 0.05686228942871093 -0.05087678527832031 0.006528330789902454 0
0 0 0.08798691101074219 -0.05566518859863281 0.006261868308681946 0
0 0 0.06883329772949218 -0.04608838195800781 0.006528330789902454 0
0 0 0.06643909606933593 -0.04129997863769531 0.007993874436615249 0
0 0 0.09038111267089843 -0.03651157531738281 0.006661562030512708 0
0 0 0.052073886108398436 -0.0796072052001953 0.006128637068071692 0
0 0 0.05686228942871093 -0.06763619689941405 0.007327718233563979 0
0 0 0.061650692749023434 -0.04369418029785156 0.008260336917835757 0
0 0 0.08319850769042968 -0.04129997863769531 0.006928024511733217 0
0 0 0.07601590270996093 -0.07242460021972656 0.006928024511733217 0
0 0 0.061650692749023434 -0.06045359191894531 0.008393568158446012 0
0 0 0.044891281127929686 -0.04848258361816406 0.004663093421358896 0
0 0 0.08080430603027343 -0.06045359191894531 0.007860643196004996 0
0 0 0.09038111267089843 -0.07003039855957031 0.006661562030512708 0
0 0 0.09038111267089843 -0.06045359191894531 0.005728943346240929 0
0 0 0.07601590270996093 -0.03411737365722656 0.005862174586851183 0
0 0 0.08319850769042968 -0.06045359191894531 0.00546248086502042 0
0 0 0.061650692749023434 -0.06763619689941405 0.005329249624410166 0
0 0 0.09277531433105468 -0.05087678527832031 0.007327718233563979 0
0 0 0.10953472595214843 -0.04129997863769531 0.006261868308681946 0
0 0 0.10953472595214843 -0.03172317199707031 0.00866003063966652 0
0 0 0.05686228942871093 -0.05805939025878906 0.003597243496476862 0
0 0 0.059256491088867186 -0.05087678527832031 0.006395099549292201 0
0 0 0.07841010437011718 -0.05805939025878906 0.006661562030512708 0
0 0 0.09516951599121093 -0.05087678527832031 0.006261868308681946 0
0 0 0.10474632263183593 -0.05327098693847656 0.005595712105630675 0
0 0 0.06404489440917968 -0.06045359191894531 0.005329249624410166 0
0 0 0.07841010437011718 -0.07481880187988281 0.004663093421358896 0
0 0 0.09277531433105468 -0.04129997863769531 0.006928024511733217 0
0 0 0.07841010437011718 -0.05805939025878906 0.007194486992953724 0
0 0 0.06643909606933593 -0.04369418029785156 0.00546248086502042 0
0 0 0.08559270935058594 -0.05087678527832031 0.0038637059776973712 0
0 0 0.10953472595214843 -0.07481880187988281 0.007194486992953724 0
0 0 0.08080430603027343 -0.05566518859863281 0.008127105677225504 0
0 0 0.08319850769042968 -0.07481880187988281 0.0074609494741742334 0
0 0 0.04967968444824218 -0.03890577697753906 0.006928024511733217 0
0 0 0.09516951599121093 -0.08439560852050781 0.007993874436615249 0
0 0 0.08319850769042968 -0.04848258361816406 0.006261868308681946 0
0 0 0.08798691101074219 -0.06284779357910156 0.008393568158446012 0
0 0 0.03531447448730469 -0.05566518859863281 0.006928024511733217 0
0 0 0.08559270935058594 -0.01975216369628906 0.006661562030512708 0
0 0 0.09756371765136718 -0.0796072052001953 0.006395099549292201 0
0 0 0.09995791931152344 -0.07481880187988281 0.004396630940138388 0
0 0 0.06883329772949218 -0.04129997863769531 0.00706125575234347 0
0 0 0.09995791931152344 -0.05805939025878906 0.006261868308681946 0
0 0 0.09995791931152344 -0.04608838195800781 0.009859111805158808 0
0 0 0.09756371765136718 -0.08678981018066406 0.004929555902579404 0
0 0 0.054468087768554684 -0.06045359191894531 0.006128637068071692 0
0 0 0.07601590270996093 -0.03651157531738281 0.0038637059776973712 0
0 0 0.06883329772949218 -0.06045359191894531 0.006928024511733217 0
0 0 0.08080430603027343 -0.05087678527832031 0.006128637068071692 0
0 0 0.09038111267089843 -0.03651157531738281 0.006661562030512708 0
0 0 0.07362170104980469 -0.06045359191894531 0.009192955602107537 0
0 0 0.07601590270996093 -0.05327098693847656 0.007194486992953724 0
0 0 0.09277531433105468 -0.03172317199707031 0.007194486992953724 0
0 0 0.09038111267089843 -0.05805939025878906 0.00546248086502042 0
0 0 0.09995791931152344 -0.06045359191894531 0.006928024511733217 0
0 0 0.047285482788085934 -0.05566518859863281 0.006928024511733217 0
0 0 0.07601590270996093 -0.05805939025878906 0.006794793271122962 0
0 0 0.08559270935058594 -0.02454056701660156 0.005196018383799912 0
0 0 0.10953472595214843 -0.04369418029785156 0.00546248086502042 0
0 0 0.08559270935058594 -0.0652419952392578 0.007194486992953724 0
0 0 0.09995791931152344 -0.06045359191894531 0.006128637068071692 0
0 0 0.061650692749023434 -0.07721300354003906 0.0042633996995281335 0
0 0 0.06643909606933593 -0.0652419952392578 0.006395099549292201 0
0 0 0.09277531433105468 -0.04129997863769531 0.005862174586851183 0
0 0 0.06404489440917968 -0.06763619689941405 0.006661562030512708 0
0 0 0.06404489440917968 -0.04848258361816406 0.009192955602107537 0
0 0 0.061650692749023434 -0.05087678527832031 0.0075941807147844875 0
0 0 0.08080430603027343 -0.04848258361816406 0.006261868308681946 0
0 0 0.07122749938964844 -0.04369418029785156 0.007327718233563979 0
0 0 0.08559270935058594 -0.05566518859863281 0.005728943346240929 0
0 0 0.10235212097167969 -0.0796072052001953 0.005862174586851183 0
0 0 0.07362170104980469 -0.05566518859863281 0.005595712105630675 0
0 0 0.047285482788085934 -0.03172317199707031 0.005329249624410166 0
0 0 0.09038111267089843 -0.05087678527832031 0.005728943346240929 0
0 0 0.07841010437011718 -0.07242460021972656 0.005062787143189658 0
0 0 0.06404489440917968 -0.04608838195800781 0.005728943346240929 0
0 0 0.09038111267089843 -0.06284779357910156 0.006528330789902454 0
0 0 0.08080430603027343 -0.05566518859863281 0.005595712105630675 0
0 0 0.06404489440917968 -0.029328970336914062 0.007993874436615249 0
0 0 0.09995791931152344 -0.05327098693847656 0.006528330789902454 0
0 0 0.06404489440917968 -0.09157821350097656 0.006794793271122962 0
0 0 0.059256491088867186 -0.05087678527832031 0.006128637068071692 0
0 0 0.059256491088867186 -0.03172317199707031 0.0075941807147844875 0
0 0 0.10474632263183593 -0.05566518859863281 0.004663093421358896 0
0 0 0.08559270935058594 -0.07242460021972656 0.005062787143189658 0
0 0 0.05686228942871093 -0.07721300354003906 0.006794793271122962 0
0 0 0.07841010437011718 -0.04608838195800781 0.007860643196004996 0
0 0 0.059256491088867186 -0.03172317199707031 0.00546248086502042 0
0 0 0.07122749938964844 -0.03411737365722656 0.00479632466196915 0
0 0 0.09038111267089843 -0.04608838195800781 0.008127105677225504 0
0 0 0.10474632263183593 -0.05087678527832031 0.006928024511733217 0
0 0 0.061650692749023434 -0.03890577697753906 0.006128637068071692 0
0 0 0.08559270935058594 -0.03172317199707031 0.007327718233563979 0
0 0 0.07841010437011718 -0.05087678527832031 0.004663093421358896 0
0 0 0.08080430603027343 -0.05566518859863281 0.005196018383799912 0
0 0 0.08559270935058594 -0.06284779357910156 0.0074609494741742334 0
0 0 0.09277531433105468 -0.04369418029785156 0.006661562030512708 0
0 0 0.07362170104980469 -0.06284779357910156 0.006395099549292201 0
0 0 0.08319850769042968 -0.09157821350097656 0.005995405827461438 0
0 0 0.07601590270996093 -0.014963760375976562 0.007993874436615249 0
0 0 0.06883329772949218 -0.03172317199707031 0.0075941807147844875 0
0 0 0.06883329772949218 -0.05327098693847656 0.008526799399056267 0
0 0 0.04967968444824218 -0.029328970336914062 0.0039969372183076245 0
0 0 0.07362170104980469 -0.02693476867675781 0.005196018383799912 0
0 0 0.09756371765136718 -0.05087678527832031 0.004929555902579404 0
0 0 0.052073886108398436 -0.05327098693847656 0.006128637068071692 0
0 0 0.08798691101074219 -0.05805939025878906 0.006928024511733217 0
0 0 0.07122749938964844 -0.05327098693847656 0.010125574286379316 0
0 0 0.07601590270996093 -0.08678981018066406 0.005595712105630675 0
0 0 0.061650692749023434 -0.07242460021972656 0.008526799399056267 0
0 0 0.09516951599121093 -0.05805939025878906 0.008260336917835757 0
0 0 0.09516951599121093 -0.022146365356445312 0.006395099549292201 0
0 0 0.06883329772949218 -0.06763619689941405 0.006261868308681946 0
0 0 0.07601590270996093 -0.06763619689941405 0.00479632466196915 0
0 0 0.07122749938964844 -0.07003039855957031 0.006794793271122962 0
0 0 0.04249707946777344 -0.03411737365722656 0.00706125575234347 0
0 0 0.06643909606933593 -0.05087678527832031 0.00546248086502042 0
0 0 0.06883329772949218 -0.05805939025878906 0.005862174586851183 0
0 0 0.09038111267089843 -0.04369418029785156 0.004663093421358896 0
0 0 0.06643909606933593 -0.08439560852050781 0.006261868308681946 0
0 0 0.07841010437011718 -0.06763619689941405 0.006794793271122962 0
0 0 0.11911153259277343 -0.05087678527832031 0.008260336917835757 0
0 0 0.07362170104980469 -0.02454056701660156 0.006128637068071692 0
0 0 0.07841010437011718 -0.010175357055664061 0.008793261880276775 0
0 0 0.08319850769042968 -0.04129997863769531 0.00546248086502042 0
0 0 0.061650692749023434 -0.06045359191894531 0.007993874436615249 0
0 0 0.06883329772949218 -0.05087678527832031 0.0075941807147844875 0
0 0 0.10235212097167969 -0.07481880187988281 0.005995405827461438 0
0 0 0.07362170104980469 -0.05566518859863281 0.006528330789902454 0
0 0 0.07122749938964844 -0.06284779357910156 0.0077274119553947425 0
0 0 0.09038111267089843 -0.03651157531738281 0.00479632466196915 0
0 0 0.06883329772949218 -0.03651157531738281 0.006794793271122962 0
0 0 0.09038111267089843 -0.0796072052001953 0.005595712105630675 0
0 0 0.040102877807617184 -0.03651157531738281 0.007194486992953724 0
End of Auto_Control
0 0 0.08080430603027343 -0.03172317199707031 0.008793261880276775 0
Start of Manual Control
0 0 0.07601590270996093 -0.04848258361816406 0.007327718233563979 0
0 0 0.09516951599121093 -0.03411737365722656 0.005196018383799912 0
0 0 0.07841010437011718 -0.04608838195800781 0.0041301684589178786 0
0 0 0.09756371765136718 -0.08200140686035155 0.0077274119553947425 0
0 0 0.08319850769042968 -0.05805939025878906 0.006794793271122962 0
0 0 0.08559270935058594 -0.06045359191894531 0.005196018383799912 0
0 0 0.08798691101074219 -0.017357962036132813 0.007194486992953724 0
0 0 0.047285482788085934 -0.04608838195800781 0.0074609494741742334 0
0 0 0.09995791931152344 -0.04129997863769531 0.005995405827461438 0
0 0 0.09995791931152344 -0.07481880187988281 0.0095926493239383 0
0 0 0.061650692749023434 -0.05087678527832031 0.005062787143189658 0
0 0 0.08559270935058594 -0.07003039855957031 0.00706125575234347 0
0 0 0.07841010437011718 -0.029328970336914062 0.003597243496476862 0
0 0 0.08080430603027343 -0.0652419952392578 0.005728943346240929 0
0 0 0.08080430603027343 -0.02693476867675781 0.005196018383799912 0
0 0 0.054468087768554684 -0.05566518859863281 0.006794793271122962 0
7 0 -0.2567781280517578 -2.4594436553955075 0.02824502300937388 -2
15 0 0.09516951599121093 -0.699705435180664 0.0074609494741742334 0
17 0 -0.21607669982910155 -0.02454056701660156 0.008393568158446012 0
18 0 -0.014963760375976562 -0.2519897247314453 -0.0041301684589178786 0
19 0 0.22445640563964842 -0.03651157531738281 -0.01985145485092787 0
19 0 0.5692214447021484 -0.32142157287597656 0.018119448722994567 0
20 0 0.4878185882568359 0.19572598571777342 0.007993874436615249 0
20 0 0.19333178405761717 0.07362170104980469 0.016387442595061263 0
19 0 -0.297479556274414 0.11911153259277343 0.015055130188958722 -1
20 0 0.020949264526367185 -0.09157821350097656 -0.0021316998497640668 0
19 0 -0.19931728820800781 -0.03651157531738281 -0.017719755001163802 0
20 0 0.7799111907958984 -0.6446387969970703 0.0223828484225227 0
19 0 0.48542438659667964 -0.747589468383789 -0.0010658499248820334 0
20 0 -0.06045359191894531 -0.2567781280517578 0.02171669221947143 0
19 0 0.3800795135498047 -0.1514332550048828 0.040235834664296755 0
20 0 -0.27353753967285155 0.1693897674560547 -0.02331546710679448 0
19 0 0.5620388397216797 0.3800795135498047 0.012790199098584401 0
20 0 0.3705027069091797 0.35613749694824215 -0.021583460978861175 1
20 0 0.06643909606933593 -0.26874913635253905 0.04276722823589158 0
19 0 0.3633201019287109 0.6075286712646484 0.003064318534035846 0
19 0 -0.32142157287597656 -0.07003039855957031 0.004663093421358896 0
20 0 0.06643909606933593 -0.28790274963378903 0.010125574286379316 0
20 0 0.2819172454833984 0.3298012786865234 -0.01891883616665609 -1
20 0 0.34656069030761716 -0.41958384094238277 0.0038637059776973712 0
19 0 0.1406593475341797 -0.14425065002441406 -0.006794793271122962 0
19 0 -0.2615665313720703 -0.022146365356445312 -0.0018652373685435584 0
19 0 -0.2376245147705078 0.061650692749023434 0.006128637068071692 -1
19 0 0.1406593475341797 -0.10115502014160156 -0.002264931090374321 0
19 0 -0.11073182678222655 -0.0005985504150390625 -0.025580398197168803 0
20 0 0.4447229583740234 -0.4004302276611328 0.02717917308449185 0
19 0 0.7392097625732421 -0.44113165588378905 0.012790199098584401 0
19 0 -0.07721300354003906 -0.06763619689941405 0.003064318534035846 1
20 0 0.21487959899902342 0.07841010437011718 -0.02438131703167651 0
20 0 -0.14425065002441406 0.11192892761230468 -0.021183767257030413 0
19 0 0.7128735443115234 -0.2424129180908203 -0.005862174586851183 -1
20 0 0.12150573425292968 -0.1849520782470703 0.01758652376055355 0
20 0 0.4064157318115234 -0.5249287139892578 0.020384379813368887 0
19 0 -0.3022679595947265 -0.527322915649414 -0.0075941807147844875 0
20 0 -0.546476528930664 -0.3908534210205078 0.008260336917835757 0
20 0 0.08798691101074219 0.09516951599121093 0.00892649312088703 0
19 0 -0.029328970336914062 -0.680551821899414 0.017986217482384312 0
8 0 0.020949264526367185 1.208473287963867 0.035572741242937855 4
3 0 0.31543606872558594 -0.4339490509033203 0.06008728951522462 4
1 0 0.11671733093261719 -0.07242460021972656 0.04463246560443515 5
1 0 0.15981296081542967 -0.11073182678222655 0.046497702972978706 3
0 0 0.08798691101074219 -0.10115502014160156 0.018519142444825328 1
0 0 0.12150573425292968 -0.08200140686035155 0.018119448722994567 1
0 0 0.12150573425292968 -0.06284779357910156 0.045565084288706925 4
0 0 0.09038111267089843 -0.0987608184814453 0.05888820834973234 5
0 0 0.12629413757324218 -0.17058686828613281 0.08073813180981401 7
0 0 0.18614917907714842 -0.19931728820800781 0.09925727425463934 8
0 0 0.17417817077636719 -0.25917232971191406 0.09579326199877275 9
0 0 0.059256491088867186 -0.2519897247314453 0.1087166923379674 10
0 0 0.21248539733886718 -0.1801636749267578 0.0912633998180241 9
0 0 0.13347674255371092 -0.03651157531738281 0.08113782553164478 8
0 0 0.10953472595214843 -0.10354922180175781 0.09379479338961892 8
0 0 0.17896657409667968 -0.12988544006347655 0.0909969373368036 8
0 0 0.11671733093261719 -0.17298106994628906 0.10165543658562393 9
0 0 0.09995791931152344 -0.1083376251220703 0.09645941820182402 10
0 0 0.08559270935058594 -0.05327098693847656 0.1087166923379674 10
0 0 0.21248539733886718 -0.04129997863769531 0.1057856050445418 10
0 0 0.15981296081542967 -0.10594342346191406 0.10538591132271105 10
0 0 0.17417817077636719 -0.017357962036132813 0.10525268008210079 10
0 0 0.12150573425292968 -0.0987608184814453 0.09752526812670605 9
0 0 0.19093758239746092 -0.22086510314941404 0.09312863718656765 9
0 0 0.1693897674560547 -0.12988544006347655 0.09925727425463934 9
0 0 0.1406593475341797 -0.03651157531738281 0.09019754989314208 8
0 0 0.06883329772949218 -0.07242460021972656 0.10392036767599826 10
0 0 0.1693897674560547 -0.1562216583251953 0.10378713643538799 10
0 0 0.20530279235839843 0.030526071166992186 0.10631853000698283 10
0 0 0.2914940521240234 -0.11552023010253906 0.10591883628515206 10
0 0 0.18375497741699218 -0.022146365356445312 0.09552679951755223 10
0 0 0.040102877807617184 -0.23044190979003906 0.09299540594595741 9
0 0 0.17896657409667968 -0.12030863342285156 0.09526033703633173 8
0 0 0.18854338073730467 -0.16819266662597654 0.10511944884149053 9
0 0 0.12629413757324218 -0.13946224670410157 0.0973920368860958 10
0 0 0.11192892761230468 -0.17776947326660156 0.10152220534501367 10
0 0 0.12629413757324218 -0.08918401184082031 0.10045635542013163 10
0 0 0.22445640563964842 -0.1083376251220703 0.10498621760088028 10
0 0 0.10474632263183593 -0.1083376251220703 0.0961929557206035 9
0 0 0.18136077575683593 -0.08918401184082031 0.088065850043378 10
0 0 0.08559270935058594 -0.12988544006347655 0.10205513030745468 10
0 0 0.12868833923339842 -0.15382745666503905 0.09979019921708036 10
0 0 0.13108254089355467 -0.1657984649658203 0.10711791745064435 10
0 0 0.061650692749023434 -0.08439560852050781 0.0991240430140291 10
0 0 0.20769699401855468 -0.24480711975097655 0.09366156214900868 9
0 0 0.14305354919433594 -0.15861585998535155 0.10152220534501367 10
0 0 0.15741875915527342 -0.1131260284423828 0.0860673814342242 9
0 0 0.14544775085449219 -0.1370680450439453 0.0991240430140291 10
0 0 0.15502455749511718 -0.14903905334472656 0.09219601850229588 9
0 0 0.11911153259277343 -0.09157821350097656 0.0973920368860958 9
0 0 0.09756371765136718 -0.17298106994628906 0.09992343045769062 10
0 0 0.11192892761230468 -0.15861585998535155 0.10232159278867521 9
0 0 0.047285482788085934 -0.11791443176269531 0.09712557440487529 10
0 0 0.13587094421386717 -0.1322796417236328 0.1101822359846802 10
0 0 0.1406593475341797 -0.2376245147705078 0.11844257290251595 10
0 0 0.14784195251464843 -0.20171148986816406 0.10911638605979816 10
0 0 0.06883329772949218 -0.2424129180908203 0.10245482402928545 10
0 0 0.16220716247558592 -0.2328361114501953 0.09459418083328046 9
0 0 0.06404489440917968 -0.1897404815673828 0.10152220534501367 9
0 0 0.14305354919433594 -0.17058686828613281 0.09885758053280859 10
0 0 0.06404489440917968 -0.33099837951660155 0.09925727425463934 10
0 0 0.11432312927246092 -0.1849520782470703 0.095926493239383 10
0 0 0.13826514587402344 -0.08678981018066406 0.1075176111724751 10
0 0 0.15263035583496093 -0.17058686828613281 0.10911638605979816 10
0 0 0.09277531433105468 -0.2567781280517578 0.09965696797647011 10
0 0 0.18614917907714842 -0.2088940948486328 0.10445329263843926 9
0 0 0.1693897674560547 -0.2280477081298828 0.0991240430140291 9
0 0 0.12389993591308593 -0.1610100616455078 0.08886523748703953 9
0 0 0.07601590270996093 -0.27353753967285155 0.1011225116231829 10
0 0 0.037708676147460936 -0.23044190979003906 0.10911638605979816 11
0 0 0.047285482788085934 -0.29269115295410153 0.11244716707505452 10
0 0 0.18854338073730467 -0.11791443176269531 0.11244716707505452 10
0 0 0.15741875915527342 -0.22565350646972654 0.10765084241308537 10
0 0 0.09995791931152344 -0.02693476867675781 0.1008560491419624 10
0 0 0.12389993591308593 -0.13467384338378904 0.09672588068304452 9
0 0 0.032920272827148434 -0.1131260284423828 0.0912633998180241 8
0 0 -0.0005985504150390625 -0.20649989318847656 0.10005666169830088 9
0 0 0.011372457885742187 -0.17776947326660156 0.09632618696121376 9
0 0 0.07841010437011718 -0.11552023010253906 0.09752526812670605 10
0 0 0.047285482788085934 -0.20649989318847656 0.11031546722529044 11
0 0 0.011372457885742187 -0.24480711975097655 0.10285451775111622 10
0 0 0.17896657409667968 -0.19692308654785154 0.1008560491419624 10
0 0 0.08080430603027343 -0.12509703674316405 0.08913169996826004 9
0 0 0.032920272827148434 -0.2136824981689453 0.0892649312088703 8
0 0 -0.08439560852050781 -0.15382745666503905 0.10498621760088028 10
0 0 0.030526071166992186 -0.21607669982910155 0.0979249618485368 10
0 0 -0.07003039855957031 -0.1849520782470703 0.10805053613491614 10
0 0 -0.0053869537353515625 -0.20171148986816406 0.11138131715017248 10
0 0 0.052073886108398436 -0.15861585998535155 0.11484532940603909 10
0 0 0.04967968444824218 -0.25917232971191406 0.10538591132271105 10
0 0 0.04249707946777344 -0.1562216583251953 0.10565237380393155 10
0 0 0.028131869506835935 -0.19931728820800781 0.08979785617131131 10
0 0 0.0017956512451171875 -0.1610100616455078 0.09166309353985487 9
0 0 0.07122749938964844 -0.20649989318847656 0.10138897410440341 10
0 0 0.1406593475341797 -0.2567781280517578 0.08966462493070104 9
0 0 -0.03890577697753906 -0.3286041778564453 0.1008560491419624 10
0 0 -0.09157821350097656 -0.18734627990722655 0.10991577350345969 10
0 0 0.08319850769042968 -0.2088940948486328 0.12377182252692612 11
0 0 0.13826514587402344 -0.1562216583251953 0.10911638605979816 11
0 0 0.08559270935058594 -0.16340426330566404 0.10178866782623418 9
0 0 0.018555062866210937 -0.03890577697753906 0.09139663105863435 9
0 0 0.028131869506835935 -0.17776947326660156 0.09086370609619335 9
0 0 -0.04848258361816406 -0.17776947326660156 0.10298774899172647 9
0 0 0.054468087768554684 -0.1227028350830078 0.10378713643538799 10
0 0 -0.029328970336914062 -0.1610100616455078 0.10218836154806495 11
0 0 0.008978256225585938 -0.20649989318847656 0.11138131715017248 10
0 0 0.06404489440917968 -0.17058686828613281 0.10711791745064435 9
0 0 0.07601590270996093 -0.21607669982910155 0.10298774899172647 10
0 0 0.07122749938964844 -0.2136824981689453 0.09286217470534715 9
0 0 0.0017956512451171875 -0.297479556274414 0.08793261880276775 9
0 0 0.04249707946777344 -0.17058686828613281 0.09685911192365478 10
6 0 -0.04129997863769531 -0.25917232971191406 0.09605972447999325 10
15 0 0.09038111267089843 -0.17776947326660156 0.1264364473391312 10
18 0 -0.24001871643066405 -0.2136824981689453 0.08366921910323961 8
19 0 0.15741875915527342 0.09277531433105468 0.07234456365136802 6
20 0 0.11432312927246092 -0.3573345977783203 0.04956202150701455 5
20 0 0.49021278991699213 0.018555062866210937 0.037571209852091676 5
20 0 -0.2998737579345703 -0.20649989318847656 0.03770444109270193 3
20 0 0.25318682556152344 -0.07003039855957031 0.035439510002327604 2
20 0 -0.2519897247314453 -0.09157821350097656 0.021316998497640665 0
20 0 0.3585316986083984 -0.08678981018066406 -0.008127105677225504 1
20 0 -0.10354922180175781 0.09038111267089843 0.0031975497746461004 0
20 0 0.07122749938964844 -0.2280477081298828 0.011058192970651096 0
20 0 -0.1753752716064453 0.19572598571777342 0.029310872934255917 1
20 0 0.6314706878662109 -0.1562216583251953 0.007194486992953724 1
20 0 0.011372457885742187 -0.4267664459228515 0.013589586542245924 1
20 0 -0.40761283264160153 0.10235212097167969 0.03357427263378405 0
20 0 -0.3716998077392578 -0.41958384094238277 -0.009192955602107537 0
20 0 -0.03651157531738281 0.2555810272216797 -0.029310872934255917 1
20 0 0.43035774841308594 -0.49380409240722656 0.0034640122558666085 0
19 0 -0.11552023010253906 0.2962824554443359 -0.01372281778285618 0
20 0 -0.3286041778564453 -0.412401235961914 0.026646248122050832 0
19 0 0.032920272827148434 -0.3764882110595703 -0.036238897445989134 1
19 0 -0.19692308654785154 -0.0652419952392578 -0.01572128639200999 -1
19 0 0.7535749725341796 -0.09157821350097656 -0.002264931090374321 0
20 0 0.4734533782958984 -0.38367081604003905 -0.00479632466196915 0
19 0 -0.2711433380126953 -0.15382745666503905 0.020251148572758632 0
20 0 0.20051438903808594 -0.6278793853759765 0.05982082703400412 0
20 0 0.10235212097167969 0.5428852264404297 -0.02624655440022007 0
20 0 -0.2807201446533203 -0.06045359191894531 -0.021316998497640665 0
19 0 0.39923312683105466 -0.04608838195800781 0.029177641693645662 0
19 0 -0.029328970336914062 -0.6159083770751953 0.024914241994117528 0
20 0 -0.19931728820800781 0.3082534637451172 0.005728943346240929 -2
19 0 0.2603694305419922 -0.20649989318847656 0.007194486992953724 0
19 0 0.030526071166992186 -0.07003039855957031 -0.022516079663132953 -2
19 0 -0.04129997863769531 -0.09636661682128905 -0.010392036767599824 0
13 0 0.18854338073730467 0.11192892761230468 -0.057689127184240054 1
5 0 0.17896657409667968 0.17417817077636719 0.006395099549292201 -2
2 0 0.061650692749023434 -0.02454056701660156 -0.010791730489430587 -1
1 0 0.12150573425292968 -0.19931728820800781 0.005862174586851183 0
0 0 0.07362170104980469 -0.11552023010253906 0.006928024511733217 0
0 0 0.09516951599121093 -0.1466448516845703 0.005196018383799912 0
0 0 0.10714052429199218 -0.12509703674316405 0.006128637068071692 0
0 0 0.08798691101074219 -0.11791443176269531 0.0039969372183076245 0
0 0 0.07362170104980469 -0.1131260284423828 0.0077274119553947425 0
0 0 0.07362170104980469 -0.10594342346191406 0.005196018383799912 0
0 0 0.08798691101074219 -0.10594342346191406 0.005329249624410166 0
0 0 0.09038111267089843 -0.10594342346191406 0.005595712105630675 0
0 0 0.07362170104980469 -0.1227028350830078 0.008793261880276775 0
0 0 0.08798691101074219 -0.0939724151611328 0.005329249624410166 0
0 0 0.07841010437011718 -0.1131260284423828 0.005995405827461438 0
0 0 0.08798691101074219 -0.1083376251220703 0.00706125575234347 0
0 0 0.07122749938964844 -0.1227028350830078 0.00892649312088703 0
0 0 0.08080430603027343 -0.08678981018066406 0.006261868308681946 0
0 0 0.07601590270996093 -0.1131260284423828 0.006661562030512708 0
0 0 0.03531447448730469 -0.1131260284423828 0.0077274119553947425 0
0 0 0.08319850769042968 -0.1131260284423828 0.0075941807147844875 0
0 0 0.061650692749023434 -0.11073182678222655 0.006128637068071692 0
0 0 0.07362170104980469 -0.09636661682128905 0.005329249624410166 0
0 0 0.07362170104980469 -0.11791443176269531 0.005329249624410166 0
0 0 0.052073886108398436 -0.11791443176269531 0.006928024511733217 0
0 0 0.07601590270996093 -0.08678981018066406 0.0039969372183076245 0
0 0 0.09038111267089843 -0.08678981018066406 0.005728943346240929 0
0 0 0.07601590270996093 -0.0939724151611328 0.006128637068071692 0
0 0 0.07122749938964844 -0.09636661682128905 0.005728943346240929 0
0 0 0.06404489440917968 -0.0987608184814453 0.006928024511733217 0
0 0 0.10474632263183593 -0.1083376251220703 0.005595712105630675 0
0 0 0.07841010437011718 -0.10594342346191406 0.00706125575234347 0
0 0 0.059256491088867186 -0.11552023010253906 0.008793261880276775 0
0 0 0.11432312927246092 -0.09157821350097656 0.004929555902579404 0
0 0 0.07122749938964844 -0.0987608184814453 0.0074609494741742334 0
0 0 0.07841010437011718 -0.0939724151611328 0.005595712105630675 0
0 0 0.06883329772949218 -0.07242460021972656 0.006794793271122962 0
0 0 0.09277531433105468 -0.12030863342285156 0.008260336917835757 0
0 0 0.09995791931152344 -0.09636661682128905 0.0074609494741742334 0
0 0 0.07362170104980469 -0.1131260284423828 0.008393568158446012 0
0 0 0.10235212097167969 -0.11791443176269531 0.005862174586851183 0
0 0 0.09277531433105468 -0.09636661682128905 0.009326186842717792 0
0 0 0.07601590270996093 -0.08200140686035155 0.005728943346240929 0
0 0 0.05686228942871093 -0.08439560852050781 0.007194486992953724 0
0 0 0.09277531433105468 -0.1274912384033203 0.007327718233563979 0
0 0 0.07362170104980469 -0.12509703674316405 0.0039969372183076245 0
0 0 0.061650692749023434 -0.08918401184082031 0.005995405827461438 0
0 0 0.07841010437011718 -0.10354922180175781 0.006261868308681946 0
0 0 0.059256491088867186 -0.11073182678222655 0.011324655451871604 0
0 0 0.04249707946777344 -0.1131260284423828 0.006661562030512708 0
0 0 0.059256491088867186 -0.11073182678222655 0.008260336917835757 0
0 0 0.07122749938964844 -0.0987608184814453 0.007860643196004996 0
0 0 0.061650692749023434 -0.10594342346191406 0.007327718233563979 0
0 0 0.08798691101074219 -0.13467384338378904 0.006794793271122962 0
0 0 0.08319850769042968 -0.0796072052001953 0.0075941807147844875 0
0 0 0.09516951599121093 -0.07721300354003906 0.006128637068071692 0
0 0 0.06404489440917968 -0.13467384338378904 0.008127105677225504 0
0 0 0.07601590270996093 -0.11073182678222655 0.0074609494741742334 0
0 0 0.037708676147460936 -0.07481880187988281 0.006928024511733217 0
0 0 0.07362170104980469 -0.12988544006347655 0.005862174586851183 0
0 0 0.08798691101074219 -0.10354922180175781 0.006261868308681946 0
0 0 0.10953472595214843 -0.14185644836425781 0.0074609494741742334 0
0 0 0.061650692749023434 -0.1083376251220703 0.005728943346240929 0
0 0 0.07362170104980469 -0.09157821350097656 0.007993874436615249 0
0 0 0.08319850769042968 -0.11552023010253906 0.005595712105630675 0
0 0 0.07362170104980469 -0.09157821350097656 0.005329249624410166 0
0 0 0.061650692749023434 -0.1227028350830078 0.0077274119553947425 0
0 0 0.06883329772949218 -0.1466448516845703 0.00706125575234347 0
0 0 0.047285482788085934 -0.1370680450439453 0.006928024511733217 0
0 0 0.06404489440917968 -0.1370680450439453 0.006928024511733217 0
0 0 0.061650692749023434 -0.12509703674316405 0.005728943346240929 0
0 0 0.07362170104980469 -0.0987608184814453 0.005062787143189658 0
0 0 0.07362170104980469 -0.08200140686035155 0.007860643196004996 0
0 0 0.09995791931152344 -0.0796072052001953 0.0041301684589178786 0
0 0 0.07122749938964844 -0.1083376251220703 0.005728943346240929 0
0 0 0.040102877807617184 -0.11552023010253906 0.007194486992953724 0
0 0 0.07122749938964844 -0.11552023010253906 0.008260336917835757 0
0 0 0.06883329772949218 -0.08678981018066406 0.006794793271122962 0
0 0 0.07841010437011718 -0.09157821350097656 0.006928024511733217 0
0 0 0.10714052429199218 -0.11073182678222655 0.006528330789902454 0
0 0 0.09756371765136718 -0.10594342346191406 0.0074609494741742334 0
0 0 0.06404489440917968 -0.09636661682128905 0.006928024511733217 0
0 0 0.054468087768554684 -0.09157821350097656 0.006661562030512708 0
0 0 0.08319850769042968 -0.10115502014160156 0.0038637059776973712 0
0 0 0.09995791931152344 -0.11791443176269531 0.006794793271122962 0
0 0 0.07601590270996093 -0.0939724151611328 0.00706125575234347 0
0 0 0.07601590270996093 -0.1227028350830078 0.007993874436615249 0
0 0 0.09038111267089843 -0.1227028350830078 0.006794793271122962 0
0 0 0.10474632263183593 -0.0796072052001953 0.006128637068071692 0
0 0 0.08319850769042968 -0.11552023010253906 0.006661562030512708 0
0 0 0.07601590270996093 -0.12030863342285156 0.006661562030512708 0
0 0 0.08080430603027343 -0.1227028350830078 0.008793261880276775 0
0 0 0.06883329772949218 -0.1227028350830078 0.006528330789902454 0
0 0 0.09756371765136718 -0.10115502014160156 0.005862174586851183 0
0 0 0.07362170104980469 -0.12509703674316405 0.005862174586851183 0
0 0 0.07841010437011718 -0.07242460021972656 0.005196018383799912 0
0 0 0.07601590270996093 -0.1227028350830078 0.005196018383799912 0
0 0 0.07601590270996093 -0.12509703674316405 0.00546248086502042 0
0 0 0.10235212097167969 -0.08439560852050781 0.006661562030512708 0
0 0 0.08080430603027343 -0.1083376251220703 0.005728943346240929 0
0 0 0.07362170104980469 -0.11073182678222655 0.006661562030512708 0
0 0 0.09756371765136718 -0.1131260284423828 0.006395099549292201 0
0 0 0.10714052429199218 -0.0796072052001953 0.006528330789902454 0
0 0 0.08559270935058594 -0.10354922180175781 0.0039969372183076245 0
0 0 0.06643909606933593 -0.10594342346191406 0.006128637068071692 0
0 0 0.044891281127929686 -0.1083376251220703 0.006395099549292201 0
0 0 0.09995791931152344 -0.10115502014160156 0.004929555902579404 0
0 0 0.061650692749023434 -0.08678981018066406 0.006128637068071692 0
0 0 0.07601590270996093 -0.11073182678222655 0.006928024511733217 0
0 0 0.07601590270996093 -0.10115502014160156 0.006928024511733217 0
0 0 0.08319850769042968 -0.12030863342285156 0.005862174586851183 0
0 0 0.07601590270996093 -0.10594342346191406 0.006261868308681946 0
0 0 0.09516951599121093 -0.11552023010253906 0.005862174586851183 0
0 0 0.10235212097167969 -0.07242460021972656 0.00706125575234347 0
0 0 0.09756371765136718 -0.0987608184814453 0.005196018383799912 0
0 0 0.06643909606933593 -0.11791443176269531 0.00892649312088703 0
Localisation exited succesfully
Detection exited succesfully
Start of Navigation
path: [0, 0]
Navigation stopped properly
Start of Auto Control
AutoControl stopped properly
Press enter
Input error, please retry
ManualControl stopped properly
Gestionnaire stopped properly
SIGINT or CTRL-C detected. HOLOCOM Exiting gracefully
